46.43,28
52.94,17
64.71,17
37.14,210
0.00,53
52.31,65
73.91,115
86.54,156
80.95,21
100.00,2
100.00,12
100.00,5
100.00,45
0.00,61
81.00,1284
77.78,27
100.00,7
75.00,8
100.00,11
100.00,20
100.00,16
0.00,19
0.00,4
0.00,2
50.00,4
17.91,67
28.95,38
0.00,8
0.00,17
29.41,17
26.88,186
0.00,2
0.00,19
100.00,1
1.72,1049
4.29,70
41.18,17
62.50,8
0.00,17
28.08,203
0.00,53
0.00,23
0.00,104
0.00,14
0.00,91
0.00,5
0.00,159
0.00,6
0.00,2
0.00,20
0.00,27
0.00,22
0.00,6
0.00,2
0.00,10
0.00,29
0.00,3
0.00,6
0.00,2
0.00,11
0.00,19
0.00,12
0.00,2
46.67,15
0.00,8
29.41,17
55.84,154
3.77,53
8.70,23
87.67,73
53.46,260
75.00,4
100.00,6
84.21,19
1.46,480
0.00,6
0.00,5
0.00,5
0.00,4
0.00,33
0.00,11
1.05,668
0.00,14
0.00,256
0.00,9
0.00,5
0.00,2
0.00,6
0.00,96
0.00,33
0.00,10
0.00,12
0.00,84
0.00,5
0.00,15
0.00,3
0.00,20
0.00,10
0.00,19
0.00,2
0.00,2
50.80,1120
0.00,144
0.00,42
0.00,5
0.00,4
0.00,251
0.00,11
1.14,175
0.00,4
0.00,34
0.00,2
0.00,14
0.00,5
0.00,4
0.00,5
0.00,14
93.10,29
0.00,2
0.00,2
100.00,1
15.94,69
28.95,38
79.34,905
41.67,12
0.00,17
29.41,17
26.88,186
0.00,2
11.11,54
0.00,19
2.17,600
0.00,89
0.00,127
0.00,5
0.00,6
0.00,48
0.00,5
0.00,2
0.00,10
0.00,16
0.00,24
0.00,2
0.00,19
0.00,35
0.00,44
22.65,181
17.28,81
0.00,47
0.00,6
11.98,4007
0.00,38
0.00,17
57.14,7
0.00,6
0.00,25
100.00,6
70.00,20
70.00,10
0.00,20
37.50,8
0.00,2
0.00,3
33.33,9
66.67,3
0.00,6
0.00,45
0.00,594
0.00,2
0.00,4
0.00,7
21.43,28
0.00,11
0.00,44
86.08,79
28.57,14
6.25,48
100.00,13
42.80,1853
57.14,7
0.00,2
14.29,14
100.00,6
70.00,10
100.00,20
40.00,15
32.00,25
100.00,5
0.00,12
0.00,2
0.00,8
0.00,39
0.00,109
0.00,5
0.00,4
0.00,4
0.00,9
80.72,83
78.41,565
75.00,8
100.00,33
75.00,16
97.70,87
0.00,6
0.00,5
69.87,239
0.00,34
93.75,32
33.33,12
82.47,1375
0.00,26
0.00,8
0.00,45
0.00,5
100.00,4
75.00,8
75.00,4
29.03,31
0.00,2
100.00,45
92.50,40
0.00,2
45.82,2822
80.00,15
0.00,8
90.32,31
74.70,166
0.00,53
64.71,34
60.00,125
71.43,14
100.00,9
66.54,263
60.00,5
0.00,2
100.00,7
100.00,5
100.00,11
100.00,28
50.00,4
0.00,3
100.00,6
25.22,230
0.00,2
100.00,2
0.00,17
100.00,4
75.00,8
75.00,4
83.33,18
20.00,10
55.00,20
0.00,64
84.38,32
0.00,4
93.48,46
100.00,2
0.00,2
0.00,19
70.59,17
41.67,12
0.00,17
82.66,173
0.00,53
0.00,23
11.67,60
9.88,81
59.72,509
100.00,2
100.00,21
0.00,8
0.00,2
0.00,11
0.00,19
0.00,2
80.56,72
64.76,630
100.00,15
0.00,8
100.00,31
0.00,2
0.00,80
0.00,6
75.38,195
94.44,18
100.00,4
0.00,3
100.00,19
0.00,2
100.00,15
70.59,17
0.00,17
76.44,208
0.00,53
0.00,23
45.35,86
93.06,144
0.00,8
100.00,12
61.57,791
100.00,7
89.02,82
100.00,7
50.00,12
76.67,30
0.00,16
0.00,2
0.00,2
0.00,19
0.00,4
0.00,2
9.32,118
83.65,728
0.00,6
26.76,71
0.00,9
95.35,43
100.00,12
84.09,44
0.00,2
50.07,2133
54.63,108
62.50,8
100.00,14
0.00,5
85.71,14
75.00,4
0.00,5
35.85,53
100.00,34
0.00,8
0.00,2
67.56,225
0.00,15
0.00,8
0.00,17
0.00,164
0.00,53
0.00,23
0.00,25
50.00,10
0.00,3
60.00,5
100.00,13
0.00,12
53.85,26
70.00,10
0.00,19
50.68,73
0.00,8
0.00,8
67.30,477
10.29,68
66.67,12
0.00,10
100.00,5
100.00,7
0.00,5
62.50,24
70.59,17
0.00,17
72.07,222
0.00,53
0.00,23
56.99,93
0.00,10
100.00,12
55.56,108
0.00,23
36.10,1684
0.00,8
0.00,13
50.00,144
100.00,5
76.92,13
68.42,19
0.00,3
0.00,2
0.00,19
0.00,2
33.33,15
0.00,12
0.00,17
20.12,164
0.00,53
0.00,23
45.08,122
0.00,10
33.33,9
0.00,59
37.02,1156
100.00,1
0.00,11
75.00,4
0.00,14
50.43,117
0.00,2
0.00,2
75.00,8
0.00,4
0.00,12
64.29,14
0.00,2
60.00,5
0.00,19
0.00,199
0.00,2
100.00,1
0.00,6
0.00,11
30.86,781
27.50,80
82.23,6051
76.09,92
0.00,47
0.00,4
0.00,6
0.00,52
100.00,5
0.00,5
0.00,3
100.00,6
100.00,9
75.00,12
75.00,8
100.00,23
22.92,48
96.55,29
100.00,8
64.71,17
78.55,289
0.00,1
0.00,6
0.00,48
0.00,5
0.00,5
11.11,18
3.21,249
0.00,81
0.00,6
0.00,5
0.00,1
0.00,16
0.00,6
0.00,22
0.00,25
55.56,9
47.62,21
0.00,55
37.19,406
0.00,15
0.00,12
0.00,17
0.00,168
0.00,53
0.00,23
0.00,50
0.00,8
0.00,37
7.84,523
0.00,315
100.00,1
50.00,2
0.00,9
0.00,2
100.00,19
0.00,19
0.00,8
84.15,82
87.50,8
85.71,7
88.35,678
0.00,6
0.00,5
0.00,5
100.00,6
16.00,25
100.00,23
72.73,11
79.77,2827
0.00,15
0.00,8
0.00,17
37.80,164
0.00,53
0.00,23
0.00,6
0.00,6
0.00,50
0.00,5
100.00,12
0.00,5
100.00,6
100.00,7
40.91,22
75.00,8
36.11,36
54.55,11
96.55,29
96.67,30
75.00,16
0.00,19
100.00,1
69.84,1167
22.62,84
0.00,8
70.59,17
0.00,17
72.55,204
0.00,53
0.00,23
100.00,7
100.00,2
68.75,16
58.82,17
0.00,11
0.00,19
0.00,2
0.00,38
0.00,23
0.00,3
0.00,61
0.00,4
0.00,2
0.00,3
0.00,15
0.00,8
0.00,17
0.00,146
0.00,16
0.00,25
0.00,158
0.00,9
0.00,9
0.00,3
11.76,51
25.17,147
0.00,4
0.00,89
16.67,18
81.48,27
0.00,8
0.00,8
0.00,6
0.00,27
0.00,1344
0.00,2
22.22,9
0.00,2
75.00,4
59.76,502
0.00,74
25.00,8
0.00,5
100.00,2
78.57,14
75.00,8
0.00,5
8.33,24
95.83,24
66.67,12
0.00,2
0.00,1
0.00,6
0.00,45
0.00,551
0.00,23
0.00,4
0.00,19
0.00,36
0.00,44
76.92,26
65.35,785
20.73,82
0.00,6
100.00,5
0.00,5
75.00,8
16.67,12
100.00,21
66.67,12
94.00,50
0.00,282
0.00,1
6.17,81
0.00,6
0.00,6
0.00,45
67.77,1756
80.00,40
0.00,5
12.50,16
95.83,24
90.57,53
0.00,11
0.00,2
0.00,2
85.32,109
9.88,81
0.00,6
100.00,5
73.80,1767
100.00,2
87.50,8
28.57,21
95.83,24
97.92,48
0.00,11
0.00,2
0.00,2
18.75,64
34.01,541
100.00,2
100.00,4
0.00,1
0.00,26
100.00,2
0.00,101
1.47,340
0.00,2
0.00,2
0.00,1
11.11,18
0.00,41
100.00,5
32.00,500
100.00,2
0.00,2
0.00,7
0.00,6
0.00,5
0.00,15
0.00,8
82.35,17
48.17,164
0.00,53
76.92,26
13.33,90
100.00,5
91.39,546
75.00,8
75.00,4
100.00,25
93.18,44
0.00,19
0.00,5
96.43,84
0.00,2
100.00,19
2.72,588
0.00,14
0.00,6
0.00,5
0.00,538
0.00,5
81.96,1286
13.10,84
52.94,17
0.00,8
0.00,17
63.98,186
0.00,53
0.00,23
80.25,81
0.00,6
0.00,45
0.00,5
100.00,4
75.00,4
100.00,9
0.00,6
45.00,20
0.00,3
100.00,25
86.11,36
93.48,46
0.00,11
0.00,19
0.00,2
20.73,386
0.00,1
0.00,2
46.67,15
0.00,18
0.00,17
0.00,210
0.00,53
0.00,67
0.00,85
0.00,2
0.00,15
0.87,343
0.00,12
0.00,19
0.00,2
40.78,1312
52.94,17
50.00,16
0.00,17
74.39,164
0.00,53
0.00,23
78.84,189
35.71,14
0.00,38
0.00,5
0.00,2
100.00,4
0.00,6
15.38,39
0.00,19
0.00,29
23.81,21
0.00,17
0.00,256
0.00,53
0.00,34
37.22,223
0.00,26
26.52,181
0.00,14
100.00,4
13.64,22
89.36,47
0.00,14
0.00,1042
0.63,10914
0.00,2
0.00,13
0.00,4
0.00,22
30.43,23
0.00,2
0.00,3
100.00,4
23.81,21
0.00,2
33.33,24
71.43,21
0.00,17
41.34,254
0.00,53
0.00,23
45.68,81
57.14,14
0.00,1
0.00,45
0.00,122
73.07,2384
66.67,18
0.00,8
34.69,49
84.42,77
0.00,2
0.00,19
0.00,3
0.00,4
0.00,5
0.00,2
97.35,264
17.05,88
0.00,11
0.00,2
0.00,2
8.34,1283
0.00,18
29.41,17
29.41,17
13.68,190
0.00,53
6.45,62
32.84,134
0.00,14
0.00,30
0.00,5
0.00,2
0.00,5
0.00,12
0.00,2
0.00,9
0.00,4
0.00,6
0.00,18
0.00,23
0.00,12
0.00,2
0.00,19
0.00,2
31.67,60
0.00,4
39.57,700
0.00,2
100.00,4
0.00,16
39.29,28
42.31,26
33.33,9
34.67,199
0.00,4
0.00,4
60.00,30
100.00,5
60.31,2416
100.00,2
100.00,6
100.00,22
0.00,4
97.74,133
100.00,11
69.57,23
17.87,235
44.74,38
6.15,65
0.00,8
0.00,4
0.00,5
68.85,61
51.11,4841
100.00,11
100.00,7
0.00,3
50.00,2
100.00,6
0.00,7
100.00,25
40.00,10
35.14,37
76.19,21
0.00,3
0.00,3
20.00,15
78.67,75
49.94,1546
100.00,5
13.13,99
100.00,6
0.00,39
100.00,11
100.00,2
42.86,14
8.16,49
0.00,5
100.00,3
0.00,3
75.00,4
100.00,8
75.00,8
9.76,41
100.00,2
100.00,25
0.00,2
0.00,11
0.00,47
1.18,509
0.00,3
0.00,19
0.00,5
20.13,154
9.67,538
0.00,4
0.00,4
0.00,5
56.73,624
46.67,75
0.00,65
0.00,5
65.09,6067
36.36,11
50.00,4
100.00,3
0.00,3
0.00,16
70.59,17
57.13,2629
29.63,27
57.14,21
0.00,17
47.97,271
0.00,53
0.00,23
55.10,196
0.00,13
0.00,8
6.25,48
0.00,150
0.00,5
0.00,4
100.00,4
100.00,6
0.00,2
0.00,12
0.00,6
31.43,35
54.55,11
100.00,3
0.00,2
100.00,30
50.00,8
8.00,50
0.00,19
0.00,2
85.46,626
27.27,99
0.00,6
0.00,47
0.00,5
62.50,8
0.00,15
100.00,4
81.25,16
60.00,15
34.62,26
100.00,6
41.28,3651
74.22,128
100.00,3
0.00,9
75.38,65
96.72,61
33.33,6
100.00,4
95.40,87
87.72,1327
70.59,17
0.00,8
0.00,17
73.49,166
0.00,53
0.00,23
78.82,85
0.00,8
0.00,5
100.00,6
56.25,16
21.05,38
100.00,6
96.55,29
100.00,23
79.07,43
95.45,44
0.00,19
0.00,291
20.83,24
41.07,10839
80.00,10
36.36,11
0.00,3
0.00,9
16.55,290
14.47,76
28.95,38
14.29,14
0.00,20
29.41,17
24.88,201
0.00,2
0.00,63
0.00,4
0.00,8
0.00,19
0.00,15
72.31,65
36.39,676
0.00,4
0.00,3
0.00,8
83.33,6
0.00,4
0.00,7
0.00,26
0.00,2
0.00,15
0.00,8
0.00,17
0.00,186
0.00,53
0.00,23
35.71,14
74.25,369
100.00,2
100.00,32
100.00,4
0.00,19
51.38,218
31.91,47
60.00,10
0.00,9
0.00,5
65.28,337
34.41,3005
80.00,10
0.00,4
8.70,23
100.00,2
0.00,2
0.00,13
33.33,27
40.00,5
50.00,4
66.67,15
60.00,10
0.00,2
13.33,15
8.26,109
0.00,135
32.14,28
100.00,10
25.00,16
47.87,658
43.80,1137
100.00,17
50.00,4
0.00,9
100.00,5
80.00,10
0.00,44
0.00,2
0.00,5
0.00,10
0.00,5
85.67,321
83.87,31
0.00,9
82.86,70
100.00,2
100.00,4
78.95,76
100.00,27
87.50,32
0.00,4
100.00,30
0.00,5
100.00,13
50.68,292
78.41,88
0.00,4
56.78,118
0.00,5
100.00,17
70.00,10
0.00,5
0.00,2
15.81,291
0.00,34
0.00,10
0.00,5
83.67,98
33.77,24487
71.22,403
0.00,2
16.67,12
36.36,11
100.00,15
100.00,2
100.00,2
100.00,3
0.00,3
0.00,9
0.00,54
0.00,10
0.00,5
0.00,1311
0.00,22
0.00,2
0.00,14
0.00,4
0.00,346
0.00,8
0.00,24
0.00,46
0.00,2
57.27,337
0.00,15
0.00,8
100.00,17
84.76,164
0.00,53
79.41,34
83.91,87
11.43,70
0.00,10
100.00,4
0.00,5
100.00,2
93.08,130
100.00,8
50.00,14
100.00,2
90.48,21
53.49,86
66.67,12
0.00,11
0.00,19
0.00,2
77.25,167
0.00,10
0.00,5
77.78,81
0.00,5
100.00,6
86.67,30
89.26,121
100.00,2
35.71,14
100.00,2
100.00,4
83.33,30
0.00,2
11.32,53
0.00,4
0.00,49
0.00,5
0.00,18
0.00,2
90.74,108
0.00,88
0.00,4
100.00,32
0.00,5
65.71,35
0.00,70
100.00,6
0.00,2
68.39,1335
52.94,17
0.00,8
82.35,17
72.32,177
0.00,53
84.62,26
10.79,241
34.78,23
76.34,93
0.00,10
82.52,103
0.00,5
0.00,2
0.00,1
0.00,3
90.48,21
86.67,30
100.00,9
100.00,4
100.00,5
100.00,3
100.00,6
0.00,19
0.00,9
0.00,10
0.00,5
0.00,118
0.00,3
0.00,6
0.00,25
0.00,5
0.00,66
0.00,4
0.00,2
0.00,4
0.00,106
0.00,2
0.00,106
0.00,3
0.00,15
0.00,30
0.00,2
0.00,2
0.00,8
0.00,4
0.00,2
50.00,10
0.00,5
42.34,248
38.08,499
100.00,12
100.00,2
100.00,4
0.00,2
72.22,18
0.00,8
0.00,17
65.06,166
0.00,53
0.00,27
41.92,167
10.20,98
54.84,62
0.00,10
0.00,9
28.12,5334
0.00,2
47.06,17
26.32,19
75.00,4
0.00,9
100.00,2
75.00,8
92.31,13
33.13,163
82.61,23
0.00,2
0.00,19
0.00,4
0.00,4
66.22,74
51.22,123
100.00,2
100.00,7
0.00,12
100.00,2
0.00,15
0.00,8
0.00,17
0.00,186
0.00,53
0.00,23
0.00,65
0.00,11
0.00,17
0.00,645
0.00,13
0.00,2
0.00,19
0.00,71
89.78,186
84.09,44
0.00,5
0.00,148
0.00,4
0.00,19
0.00,12
0.00,2
0.00,11
0.00,164
0.00,6
9.20,174
0.00,29
0.00,5
0.00,16
0.00,11
0.00,4
0.00,5
0.00,2
0.31,1284
0.00,15
0.00,8
0.00,17
0.00,144
0.00,23
0.00,13
0.00,184
0.00,3
0.00,25
0.00,6
0.00,134
0.00,4
0.00,21
0.00,10
0.00,22
0.00,2
0.00,43
0.00,100
0.00,59
0.00,2
0.00,5
0.00,4
0.00,75
0.00,8
0.00,4
0.00,38
0.00,8
0.00,29
0.00,2
0.00,2
0.00,11
0.00,88
0.00,93
0.00,301
0.00,10
0.26,779
1.96,153
0.00,10
0.00,4
0.00,2
0.00,94
0.00,6
0.00,7
3.85,26
0.00,67
0.00,4
0.00,15
0.00,147
0.00,2
0.00,14
0.00,4
0.00,11
0.00,27
0.00,44
0.00,2
0.00,23
0.00,4
0.00,34
0.00,13
0.00,546
0.00,6
0.00,19
0.00,2
0.00,3
0.00,9
0.00,4
0.00,2
9.38,32
47.06,17
100.00,4
12.90,31
15.79,19
0.00,8
0.00,6
0.00,9
0.00,9
0.00,6313
0.00,3
0.00,6
0.00,6
0.00,4
27.00,3718
0.00,20
0.00,8
0.00,17
0.00,196
0.00,53
0.00,23
48.43,159
0.00,6
100.00,25
100.00,4
100.00,2
0.00,12
9.52,42
0.00,11
0.00,29
0.00,48
0.00,19
85.71,14
16.42,67
28.95,38
0.00,17
29.41,17
26.88,186
0.00,8
0.00,2
0.00,19
33.85,130
6.00,50
0.42,1190
4.35,138
0.00,15
0.00,8
0.00,17
0.00,190
0.00,53
0.00,38
0.00,58
0.00,11
0.00,2
0.00,10
0.00,3
0.00,60
0.00,19
0.00,3
0.00,19
0.00,3
0.00,4
0.00,9
0.00,6
0.00,567
0.00,44
0.00,19
0.00,3
0.00,48
29.41,34
0.00,12
0.00,17
0.00,186
0.00,53
0.00,46
0.91,110
0.00,2
0.00,66
0.00,8
0.00,9
0.00,26
0.00,309
0.00,2
0.00,16
0.00,6
0.00,19
0.00,2
0.31,2615
12.50,32
0.00,12
0.00,17
0.00,168
0.00,53
0.00,34
1.88,160
11.36,132
0.00,18
0.00,69
0.00,9
0.00,10
0.00,158
0.00,5
0.00,2
0.00,6
5.56,36
0.00,9
0.00,6
0.00,4
0.00,27
0.00,18
0.00,24
0.00,2
0.00,11
0.00,19
0.00,9
0.00,2
0.00,147
0.00,10
0.00,310
0.00,8
0.00,21
0.00,3
0.00,44
80.00,20
0.00,2
28.95,380
3.99,376
23.65,20471
0.00,22
29.41,17
0.00,17
0.00,232
0.00,53
0.00,23
1.52,132
10.17,59
0.00,95
42.86,14
0.00,5
0.00,47
0.00,37
0.00,45
0.00,5
31.17,77
90.91,11
40.00,5
0.00,18
0.00,1
0.00,25
100.00,9
30.00,10
0.00,12
30.77,13
100.00,6
0.00,7
0.00,4
0.00,12
0.00,10
44.74,38
77.27,44
73.08,26
0.00,32
0.00,96
0.00,19
0.00,3
47.62,21
0.00,2
58.82,2375
0.00,15
0.00,8
0.00,17
0.00,164
0.00,53
26.92,26
1.09,92
0.00,8
0.00,5
0.00,45
0.00,5
0.00,3
100.00,4
100.00,4
0.00,6
0.00,2
56.25,16
75.00,4
68.42,19
19.35,31
22.22,36
89.13,46
0.00,19
83.33,6
53.33,180
83.67,49
0.00,6
0.00,5
100.00,4
75.00,8
0.00,7
0.00,87
7.59,369
0.00,38
0.00,6
24.16,3017
18.98,332
46.15,39
100.00,2
100.00,4
0.00,6
0.00,8
6.94,5414
100.00,2
0.00,2
0.00,2067
2.86,3987
0.00,651
75.00,4
0.00,2
0.00,5
8.57,350
5.29,4688
1.51,465
19.67,6824
1.43,5527
100.00,4
71.43,14
100.00,38
0.00,4
0.00,16
0.00,3
83.33,6
10.99,2822
0.00,2
0.00,1477
3.45,3126
0.00,558
75.00,4
0.00,2
100.00,13
99.40,1498
0.00,5
0.00,34
15.23,650
10.00,40
30.87,865
0.00,1
0.00,6
50.00,4
83.33,6
47.14,1014
75.00,72
100.00,2
58.33,48
100.00,2
100.00,7
0.00,6
43.10,7750
18.28,8435
21.59,176
11.25,578
0.00,123
13.60,19748
100.00,8
50.00,4
83.33,6
23.42,111
0.00,13
0.00,4
0.00,2
0.00,5
57.14,35
11.02,1044
7.04,71
100.00,4
0.00,2
100.00,4
84.21,19
0.00,10
0.00,7
88.89,9
58.62,29
6.21,338
0.00,3
0.00,1
0.00,17
0.00,8
60.00,5
0.00,48
0.00,4
0.00,12
0.00,44
0.00,10
0.00,2
0.00,2
24.83,145
0.00,15
0.00,8
82.35,17
63.41,164
0.00,53
73.08,26
0.00,8
0.00,22
0.00,5
13.70,73
0.00,19
58.70,1976
9.88,81
38.46,13
0.00,31
0.00,17
0.00,186
0.00,53
0.00,46
72.11,190
0.00,2
0.00,67
0.00,8
0.00,5
0.00,3
64.41,59
2.97,101
88.89,9
0.00,7
0.00,11
0.00,19
0.00,2
2.87,1605
70.59,17
0.00,12
0.00,17
28.19,188
0.00,53
0.00,39
0.00,107
0.58,172
0.00,21
0.00,10
75.00,12
0.00,5
0.00,11
0.00,42
60.00,5
0.00,37
25.74,101
0.00,2
75.00,8
0.00,3
38.10,42
0.00,4
50.67,594
80.00,15
0.00,8
82.35,17
75.61,164
0.00,53
84.62,26
0.00,105
0.00,8
100.00,12
0.00,9
0.00,7
11.88,160
0.00,2
75.00,8
0.00,7
35.71,14
0.00,19
25.00,8
5.88,119
0.00,31
0.00,12
0.00,17
0.00,186
0.00,53
0.00,46
0.00,2
0.00,66
0.00,8
0.00,8
0.00,5
0.00,56
0.00,47
0.00,36
0.00,19
0.00,2
79.59,49
45.34,1652
50.00,28
0.00,13
100.00,17
85.79,190
0.00,53
100.00,52
92.86,14
46.81,141
48.39,31
80.56,72
100.00,5
0.00,38
0.00,8
0.00,2
100.00,2
0.00,9
0.00,10
100.00,2
50.00,8
0.00,12
66.67,72
0.00,5
57.14,14
0.00,2
52.00,25
0.00,9
0.00,32
0.00,127
0.00,11
100.00,19
93.18,44
0.00,48
0.00,2
0.00,15
0.00,8
0.00,17
0.00,164
0.00,53
0.00,34
0.00,26
0.00,77
0.00,38
0.00,10
0.00,119
2.05,488
21.43,14
0.00,23
0.00,7
100.00,3
0.00,19
67.43,1959
13.10,84
0.00,31
64.71,17
100.00,17
89.25,186
0.00,53
100.00,46
80.00,175
100.00,2
91.78,73
0.00,10
0.00,2
59.26,27
75.00,152
0.00,5
83.33,6
0.00,2
0.00,64
69.23,26
70.37,27
4.20,119
0.00,47
0.00,8
45.16,62
100.00,2
72.22,18
100.00,38
97.73,44
0.00,2
0.00,11
0.00,19
0.00,2
51.34,1192
0.00,26
0.00,12
70.19,104
0.00,17
11.83,186
0.00,53
0.00,31
95.19,187
100.00,5
0.00,9
55.00,20
0.00,8
0.00,9
26.44,87
92.00,25
0.00,94
100.00,2
75.00,8
0.00,6
64.29,14
0.00,2
0.00,19
0.00,8
0.00,2
0.00,26
0.00,12
0.00,17
0.00,144
0.00,24
0.00,25
0.00,9
0.00,46
0.00,8
73.19,235
90.00,10
0.00,92
75.00,8
100.00,5
0.00,2
0.00,15
0.00,8
0.00,17
0.00,164
0.00,53
0.00,23
0.00,109
0.00,14
0.00,10
0.00,9
77.91,86
17.85,1227
0.00,30
0.00,38
9.09,22
70.00,10
0.00,2
0.00,19
0.00,4
39.47,342
11.43,70
32.14,28
0.00,13
0.00,17
33.13,166
0.00,53
0.00,31
62.77,94
0.00,9
0.00,10
100.00,15
0.00,5
100.00,2
0.00,4
0.00,3
100.00,13
0.00,62
70.00,10
100.00,5
0.00,2
0.00,11
0.00,19
0.00,2
44.24,2371
8.57,70
66.67,69
0.00,31
0.00,13
0.00,17
0.00,186
0.00,53
0.00,46
3.54,113
80.00,200
13.33,30
0.00,2
0.00,67
0.00,10
80.23,172
100.00,1
0.00,3
0.00,2
100.00,19
0.00,79
0.00,59
0.00,36
87.50,24
100.00,2
100.00,7
0.00,2
16.67,12
0.00,12
0.00,11
0.00,2
0.00,19
0.00,4
0.00,2
61.29,819
0.00,15
0.00,8
0.00,17
0.00,154
0.00,53
0.00,23
53.72,121
0.00,10
0.00,11
69.01,71
0.00,9
0.00,64
100.00,13
0.00,50
0.00,38
0.00,34
80.00,10
100.00,5
0.00,2
0.00,19
49.13,519
63.11,103
0.00,8
0.00,5
0.00,2
0.00,7
0.00,49
100.00,5
0.00,98
26.67,15
0.00,8
100.00,32
0.00,5
100.00,6
72.63,866
0.00,26
0.00,12
0.00,17
0.00,144
0.00,24
73.91,115
0.00,25
0.00,9
0.00,10
66.67,180
0.00,5
92.59,27
0.00,17
40.95,105
0.00,2
100.00,4
100.00,5
100.00,2
85.00,20
100.00,23
0.00,49
0.00,2
0.00,15
0.00,8
0.00,17
0.00,151
0.00,16
0.00,68
0.00,25
0.00,8
49.11,281
0.00,4
0.00,72
0.00,2
35.06,405
0.00,15
0.00,8
0.00,17
0.00,164
0.00,53
0.00,23
0.00,8
0.00,22
0.00,3
0.00,9
0.00,148
75.00,4
0.00,19
68.70,1626
13.10,84
79.09,110
0.00,6
100.00,5
88.24,17
0.00,26
78.08,73
100.00,2
56.25,16
28.57,7
100.00,19
91.67,48
0.00,2
0.00,11
0.00,2
0.00,2
63.77,2186
13.10,84
52.94,17
0.00,8
0.00,17
49.40,168
0.00,53
0.00,23
81.55,103
0.00,2
97.67,86
100.00,3
0.00,2
56.25,16
0.00,4
100.00,8
100.00,19
89.58,48
0.00,11
0.00,19
0.00,6
0.00,2
0.00,6
77.03,357
100.00,2
100.00,26
66.98,106
69.23,13
13.33,15
46.67,15
0.00,8
0.00,17
38.55,166
0.00,53
0.00,23
0.00,6
86.64,1033
100.00,4
97.22,36
100.00,7
100.00,3
0.00,4
100.00,34
35.00,20
100.00,4
0.00,19
73.33,105
0.00,8
93.94,578
0.00,5
91.30,23
100.00,4
66.67,6
56.25,16
11.11,18
100.00,19
97.73,44
0.00,2
77.66,2305
14.95,107
0.00,8
0.00,45
0.00,5
0.00,5
0.00,3
100.00,25
100.00,4
100.00,6
81.82,22
93.75,32
68.18,22
75.00,8
100.00,6
7.14,28
100.00,8
100.00,23
0.00,12
94.00,50
0.00,6
0.00,5
79.86,735
100.00,30
64.52,31
0.00,7
92.31,26
50.00,12
19.05,21
79.41,34
86.11,36
90.91,44
53.64,783
0.00,14
0.00,1
0.00,45
0.00,5
100.00,4
75.00,8
100.00,11
17.31,52
14.91,228
0.00,8
0.00,5
67.14,280
100.00,19
0.00,7
33.33,9
0.00,8
71.28,94
0.00,6
0.00,92
0.00,88
0.00,4
0.00,6
0.00,300
0.00,12
0.00,2
0.00,73
0.00,6
0.00,22
0.00,6
0.00,2
0.00,2
0.00,4
78.05,205
0.00,88
0.00,5
33.33,93
75.00,8
0.00,5
55.56,18
0.00,8
0.00,17
64.63,164
0.00,53
0.00,23
77.68,112
0.00,6
6.25,48
73.40,921
0.00,63
0.00,4
75.00,4
36.67,30
100.00,25
92.16,51
0.00,2
0.00,19
0.00,18
0.00,12
0.00,17
0.00,184
0.00,53
0.00,23
2.75,109
0.00,6
0.00,6
0.00,5
0.00,2
0.00,47
0.28,1428
100.00,2
0.00,4
0.00,6
0.00,34
0.00,29
0.00,25
0.00,19
0.00,5
0.00,18
0.00,8
0.00,17
0.00,168
0.00,53
0.00,23
18.26,115
1.02,98
0.00,8
0.00,806
0.00,2
0.00,61
0.00,6
0.00,5
0.00,18
0.00,4
0.00,8
0.00,2
0.00,19
0.00,4
68.41,668
0.00,95
0.00,6
0.00,50
0.00,5
100.00,4
100.00,4
51.61,31
100.00,11
46.88,32
89.13,46
0.00,6
87.92,745
100.00,5
100.00,3
100.00,32
100.00,3
100.00,15
75.00,8
0.00,5
0.00,12
100.00,4
97.92,48
0.00,6
90.48,147
100.00,2
56.25,16
75.00,8
11.76,17
80.60,67
0.00,8
0.00,5
100.00,5
74.60,2752
87.88,33
100.00,3
100.00,2
20.00,5
75.00,8
84.62,26
100.00,38
56.25,16
75.00,8
15.79,38
0.00,11
100.00,4
100.00,24
94.00,50
0.00,6
0.00,1
0.00,5
61.47,545
81.82,11
100.00,4
100.00,4
80.00,10
75.00,8
54.55,11
11.76,17
100.00,2
94.00,50
74.45,1045
13.10,84
81.19,101
0.00,6
0.00,5
50.00,26
100.00,4
100.00,8
75.00,8
60.00,10
14.29,14
0.00,19
75.00,16
8.00,50
0.00,11
0.00,2
0.00,2
84.83,600
17.05,88
8.86,79
0.00,6
100.00,5
92.86,14
100.00,32
100.00,2
56.25,16
75.00,8
11.76,17
79.41,34
86.11,36
97.92,48
0.00,11
0.00,2
0.00,2
80.52,77
0.00,6
84.39,628
100.00,6
0.00,3
100.00,4
100.00,6
56.25,16
75.00,8
10.53,19
97.92,48
0.00,6
73.53,306
90.91,22
0.00,3
0.00,15
56.25,16
0.00,5
11.76,17
100.00,4
0.00,15
0.00,12
0.00,17
0.00,164
0.00,53
0.00,26
52.70,148
0.00,8
0.00,9
0.00,1024
0.00,3
0.00,1
0.00,53
0.00,2
0.00,63
0.00,58
0.00,2
0.00,4
0.00,2
0.00,44
0.00,19
0.00,6
0.00,133
0.00,8
0.00,3
0.00,87
0.00,3
0.00,15
0.00,12
0.00,17
0.00,151
0.00,16
0.00,25
0.00,8
0.00,121
0.00,6
0.00,3
0.00,15
0.00,8
0.00,17
0.00,164
0.00,53
0.00,34
0.00,83
0.00,114
0.00,9
0.00,3
0.00,19
0.00,99
0.00,3
0.00,10
0.00,15
0.00,12
0.00,17
0.00,156
0.00,53
0.00,23
1.37,146
0.00,49
0.00,10
0.00,708
0.00,37
0.00,22
0.00,13
0.00,7
0.00,36
0.00,22
33.33,12
0.00,10
0.00,3
0.00,2
0.00,19
0.00,11
0.00,17
0.00,8
0.00,17
0.00,164
0.00,53
0.00,34
0.00,116
0.00,14
0.00,10
0.00,9
0.00,5
0.00,1348
0.00,7
0.00,29
0.00,15
0.00,7
0.00,45
0.00,23
0.00,8
0.00,15
0.00,8
0.00,12
0.00,19
0.00,2
0.00,2
0.00,42
0.00,6
100.00,3
0.00,81
0.00,559
0.00,19
66.67,18
27.27,11
0.00,2
6.27,351
0.00,6
0.00,5
0.00,5
0.00,4
0.00,12
0.00,16
0.00,18
0.00,21
0.00,15
0.52,1353
0.00,126
0.00,6
0.00,5
0.00,5
0.00,64
0.00,4
0.00,6
0.00,26
0.00,19
0.00,40
0.00,2
0.00,2
17.58,182
0.00,10
0.00,1
0.00,11
0.00,5
0.00,41
0.00,10
100.00,4
0.61,9963
0.00,15
0.00,13
0.00,17
0.00,164
0.00,53
0.00,30
1.11,180
0.00,33
12.50,168
60.00,10
0.38,520
0.00,31
0.00,5
0.00,2
0.00,15
0.00,6
0.00,41
0.00,12
0.00,25
0.00,2
0.00,4
0.00,7
0.00,2
0.00,15
0.00,31
0.00,2
0.00,2
0.00,19
0.00,23
0.00,2
2.00,852
0.00,95
0.00,10
0.00,74
0.00,5
0.00,24
0.00,18
0.00,150
0.00,2
0.00,2
0.00,14
0.00,2
0.00,2
66.67,6
0.00,4
0.00,2
0.00,6
2.78,72
0.00,6
0.00,5
20.66,2991
100.00,4
33.33,9
66.67,6
67.86,28
42.31,26
100.00,4
0.00,8
11.11,36
35.48,31
0.00,3
0.00,11
12.50,24
69.23,13
0.00,17
26.73,217
0.00,53
0.00,23
0.00,23
30.39,431
0.00,5
0.00,19
0.00,2
52.51,219
100.00,6
100.00,2
0.00,10
0.00,6
0.00,8
48.76,121
33.33,15
4.98,904
19.56,2398
0.00,3
0.00,23
0.00,29
0.00,52
50.23,647
0.00,67
18.60,1032
7.04,71
35.00,160
0.00,1
51.32,76
4.76,21
46.31,1164
0.00,19
41.67,12
64.71,17
39.20,176
0.00,53
60.00,30
7.69,91
0.00,8
100.00,347
0.00,13
0.00,2
75.00,4
0.00,4
0.00,30
0.00,52
0.00,4
75.00,8
100.00,4
0.00,2
0.00,19
0.00,17
0.00,8
0.00,17
0.00,166
0.00,53
0.00,23
2.08,288
0.00,8
0.00,19
87.35,996
0.00,39
0.00,4
0.00,6
0.00,3
0.00,5
0.00,5
100.00,6
88.24,17
50.00,12
100.00,11
39.34,61
0.00,5
85.98,492
52.94,17
0.00,8
0.00,17
66.30,181
0.00,53
0.00,23
0.00,19
0.00,6
0.00,5
100.00,6
25.00,16
96.55,29
100.00,25
57.14,7
95.45,44
0.00,19
69.19,1350
80.00,15
0.00,8
82.35,17
66.67,186
0.00,53
56.41,39
30.97,155
0.00,97
45.83,24
0.00,14
58.39,149
0.00,5
66.67,6
100.00,13
12.50,64
93.44,61
100.00,4
17.86,28
0.00,57
50.00,4
75.00,8
78.57,14
0.00,6
0.00,7
100.00,23
93.18,44
0.00,2
0.00,19
41.67,12
62.07,87
36.65,502
0.00,2
66.67,21
100.00,1
0.00,2
0.00,8
0.00,2
0.00,900
0.00,29
0.00,2
0.00,11
0.00,12
0.00,8
0.00,613
0.00,11
0.00,14
0.00,25
0.00,2
0.00,23
0.00,10
0.00,32
0.00,619
0.00,2
0.00,50
0.00,9
0.00,23
0.00,2
0.53,187
30.53,1818
50.00,6
33.33,15
41.94,31
0.00,1
64.87,1577
0.00,8
0.00,5
0.00,5
100.00,2
100.00,11
0.00,4
94.44,18
100.00,36
75.00,4
75.00,4
68.75,16
29.03,31
0.00,19
50.00,8
100.00,4
0.00,5
85.75,421
60.68,117
0.00,6
0.00,5
100.00,4
100.00,6
75.00,4
75.00,8
100.00,18
10.53,19
100.00,4
70.51,546
3.57,84
0.00,6
0.00,6
0.00,48
0.00,5
87.50,8
100.00,4
76.92,13
0.00,12
31.82,22
100.00,6
66.67,12
0.00,11
0.00,2
0.00,2
80.24,491
41.18,17
0.00,8
0.00,17
32.32,164
0.00,53
0.00,23
0.00,6
0.00,5
75.00,8
65.00,20
100.00,4
90.91,44
0.00,19
0.85,828
0.00,115
0.00,6
0.00,5
0.00,8
0.00,4
0.00,2
0.00,26
0.00,22
0.00,5
0.00,14
0.00,19
0.00,48
1.96,1226
3.41,88
0.00,6
0.00,48
0.00,5
0.00,5
0.00,6
0.00,6
0.00,4
0.00,11
0.00,25
0.00,2
0.00,19
0.00,3
0.00,6
0.00,2
76.03,242
50.00,4
85.00,20
75.00,8
28.57,7
97.73,44
31.53,111
0.00,8
0.00,5
0.00,48
13.30,3572
0.00,2
80.00,5
50.00,8
0.00,11
0.00,4
0.00,19
0.00,12
9.30,43
70.59,17
0.00,24
0.00,4
52.00,50
0.00,6
0.00,5
0.00,2
2.81,2916
0.00,8
0.00,11
15.38,13
0.00,4
0.00,36
0.00,4
24.14,29
54.55,11
1.14,1485
12.39,113
0.00,14
0.00,5
0.00,4
0.00,6
0.00,16
0.00,48
0.00,2
0.00,14
0.00,2
0.00,470
0.00,12
0.00,4
0.00,33
70.69,58
0.00,8
0.00,56
70.18,2448
0.00,2
86.67,15
100.00,12
38.30,47
0.00,3
91.67,12
0.00,15
0.00,8
0.00,17
0.00,164
0.00,53
0.00,26
21.43,126
0.00,5
0.00,44
0.00,19
0.00,41
0.00,2
49.55,224
100.00,7
100.00,4
0.00,13
0.00,38
0.00,2
81.58,38
80.00,5
37.50,24
0.00,5
0.00,18
0.00,11
0.00,5
1.91,314
0.00,17
0.00,9
0.00,18
0.00,164
0.00,53
0.00,35
23.53,102
17.39,23
0.00,70
0.00,10
0.00,74
0.00,5
100.00,4
0.00,13
0.00,10
0.00,19
0.00,19
54.63,313
79.17,24
50.26,2117
57.50,80
9.88,81
0.00,6
100.00,25
0.00,7
100.00,11
5.41,37
91.67,48
0.00,11
0.00,2
0.00,2
0.00,7
0.00,6
0.00,254
0.00,23
0.00,12
0.00,12
0.00,24
0.00,4
23.59,1437
57.14,7
0.00,6
0.00,5
8.00,25
0.00,4
0.00,12
0.00,37
57.14,42
18.60,43
8.33,48
0.00,107
0.00,14
0.00,61
0.00,541
0.00,2
0.00,2
0.00,4
0.00,20
0.00,6
0.00,484
0.00,27
0.00,14
0.00,19
0.00,44
0.10,2889
7.59,158
0.00,60
0.00,6
0.00,5
0.00,45
0.00,234
0.00,9
0.00,8
0.00,2
0.00,7
0.00,23
0.00,6
0.00,29
0.00,31
0.00,16
0.00,50
0.00,6
0.00,2
0.27,2592
3.57,84
3.59,223
0.00,6
100.00,5
0.00,232
0.00,66
0.00,6
0.00,4
0.00,4
0.00,26
0.00,29
0.00,38
0.00,12
0.00,44
0.00,2
0.00,11
0.00,2
0.00,2
0.00,15
0.00,12
0.00,17
0.00,189
0.00,53
0.00,37
0.00,66
0.00,2
0.00,10
0.00,266
0.00,25
0.00,8
0.00,7
0.00,5
0.00,21
0.00,36
0.00,2
0.00,5
0.00,2
0.00,62
0.00,8
0.00,25
0.00,44
0.00,19
13.86,101
0.00,6
0.00,45
84.52,478
86.67,15
75.00,16
25.00,16
100.00,2
91.30,23
0.00,2
40.44,408
0.00,4
0.00,5
70.38,2964
78.26,23
47.37,19
0.00,3
80.00,15
47.73,88
93.75,32
0.00,11
0.00,45
0.00,11
0.00,20
100.00,5
76.47,85
0.00,41
0.00,8
96.15,26
0.00,6
0.00,5
0.00,5
33.33,15
0.00,17
0.00,8
0.00,23
19.39,165
0.00,53
34.15,123
0.00,2
0.00,19
0.00,8
0.00,15
0.00,17
0.00,164
0.00,53
0.00,23
0.00,15
0.00,58
0.00,67
0.00,13
0.00,8
0.00,9
12.24,686
0.00,4
0.00,4
0.00,10
35.29,34
0.00,14
0.00,19
0.00,7
0.00,19
0.00,11
0.00,19
0.00,8
0.00,2
1.57,508
0.00,17
0.00,8
0.00,17
0.00,164
0.00,53
0.00,23
0.00,6
0.00,6
0.00,45
0.00,5
0.00,26
0.00,19
0.00,19
0.00,19
0.00,15
0.00,77
0.00,91
65.87,1128
0.00,3
0.00,7
100.00,2
0.00,3
33.33,18
0.00,32
40.79,76
100.00,15
38.10,21
29.41,17
72.83,173
0.00,53
13.16,38
88.75,160
0.00,8
30.20,1033
69.23,117
100.00,4
0.00,8
0.00,4
0.00,19
0.00,2
7.69,52
0.00,9
0.00,18
0.00,13
0.00,68
18.47,601
0.00,6
0.00,9
0.00,15
0.00,8
0.00,17
0.00,164
0.00,53
0.00,34
0.00,78
2.59,232
0.00,247
0.00,19
0.00,65
13.78,341
50.00,16
0.00,8
48.06,774
0.00,1
75.00,4
0.00,3
18.18,11
76.47,17
83.33,6
0.00,2
12.50,184
80.00,90
95.38,173
100.00,5
0.00,4
50.00,22
0.00,5
0.00,6
0.00,13
0.00,19
0.00,12
0.00,2
0.00,2
2.29,2183
0.00,25
0.00,13
0.00,17
0.00,254
0.00,53
0.00,23
49.67,153
0.00,10
1.07,187
0.00,26
0.00,9
0.00,37
0.00,93
0.00,4
0.00,2
0.00,8
0.00,12
0.00,23
0.00,30
0.00,46
0.00,19
0.00,2
0.00,15
0.00,8
82.35,17
68.82,186
0.00,53
60.00,40
4.22,166
0.00,9
0.00,4
97.14,35
73.54,446
0.00,2
0.00,19
0.00,5
7.20,347
17.39,92
0.00,16
0.00,10
11.90,84
0.00,5
100.00,13
0.00,2
70.00,10
0.00,34
0.00,3
86.46,443
0.00,10
44.44,9
81.31,107
0.00,5
0.00,2
92.59,27
100.00,6
69.05,42
78.95,19
100.00,5
75.00,8
75.00,4
75.00,4
97.37,38
0.00,2
0.00,2
28.01,3992
55.56,18
0.00,12
29.41,17
64.40,191
0.00,53
23.08,39
8.24,170
11.11,36
0.00,124
0.00,10
0.00,12
50.13,385
0.00,5
19.74,76
0.00,12
100.00,6
74.58,59
0.00,18
97.01,167
100.00,8
40.00,5
77.78,18
100.00,4
0.00,8
43.24,37
88.57,35
0.00,4
97.73,44
0.00,5
0.00,2
0.00,19
0.00,5
2.59,1817
0.00,15
0.00,8
0.00,17
0.00,186
0.00,53
0.00,32
0.00,78
0.00,10
0.00,12
1.97,203
0.00,5
0.00,2
0.00,32
0.00,43
0.00,67
0.00,6
0.00,5
0.00,2
0.00,10
33.33,9
0.00,24
0.00,46
0.00,19
2.13,610
0.99,101
0.00,10
0.00,119
0.00,5
0.00,25
0.00,121
0.00,2
0.00,14
0.00,2
0.00,10
0.00,10
0.00,154
0.00,13
66.35,630
100.00,2
88.00,50
100.00,2
100.00,3
25.00,12
0.00,2
0.00,9
7.50,747
0.00,15
0.00,8
0.00,17
0.00,164
0.00,53
0.00,23
50.00,98
0.00,4
42.07,145
0.00,5
0.00,9
100.00,3
56.52,23
0.00,25
0.00,2
0.00,2
0.00,7
0.00,2
0.00,26
0.00,19
90.09,111
0.00,139
0.00,10
62.50,8
100.00,5
33.33,12
85.33,75
58.98,1782
0.00,2
100.00,5
83.33,30
27.69,65
100.00,2
80.00,5
100.00,13
100.00,4
0.00,2
0.00,9
0.00,15
62.50,8
0.00,17
77.18,149
0.00,16
16.85,184
42.86,21
0.00,94
0.00,25
0.00,10
51.93,389
86.67,15
38.81,67
0.00,2
100.00,4
100.00,2
34.48,58
0.00,9
0.00,76
7.14,70
0.00,2
0.00,11
0.00,11
0.00,11
1.15,347
0.00,11
0.00,18
25.53,1939
55.56,18
0.00,13
0.00,17
75.00,168
0.00,53
0.00,30
11.90,84
0.00,19
0.00,99
0.00,10
0.00,12
22.52,302
0.00,5
0.00,6
27.27,44
14.29,28
0.00,171
0.00,2
0.00,2
0.00,11
0.00,2
35.00,20
0.00,29
0.00,12
0.00,2
0.00,2
0.00,19
0.00,4
0.00,2
2.14,327
0.00,15
0.00,8
0.00,17
17.74,186
0.00,53
0.00,32
0.00,127
0.00,10
33.33,9
0.00,40
0.00,5
0.00,15
0.00,75
0.00,19
0.00,2
0.00,5
0.00,2
0.00,19
51.32,5271
29.17,24
80.00,25
0.00,17
50.00,236
0.00,53
0.00,23
26.56,256
50.00,118
0.00,149
0.00,10
0.00,12
0.00,48
0.00,42
0.00,157
0.00,5
0.00,27
0.00,12
0.00,4
0.00,15
0.00,4
84.62,13
0.00,45
100.00,4
76.92,26
0.00,3
0.00,14
86.67,15
0.00,2
66.37,1106
0.00,15
0.00,9
77.78,18
75.61,164
0.00,53
65.71,35
59.84,122
0.00,10
100.00,5
77.29,207
0.00,5
0.00,4
13.11,61
90.32,31
100.00,2
44.12,136
0.00,2
100.00,6
100.00,5
50.00,4
50.00,20
71.43,14
100.00,27
0.00,2
0.00,19
0.00,28
0.00,8
0.00,17
0.00,164
0.00,53
0.00,34
5.92,169
0.00,11
0.00,10
0.00,12
39.92,511
54.85,2620
100.00,12
61.22,49
0.00,11
0.00,13
0.00,31
52.70,74
0.00,2
100.00,5
100.00,7
50.00,4
85.00,20
35.48,31
63.89,36
0.00,2
0.00,2
0.00,19
0.00,6
74.63,1143
55.56,18
0.00,8
0.00,17
63.05,203
0.00,53
0.00,23
77.78,126
0.00,10
78.38,148
0.00,5
0.00,1
54.17,24
92.89,211
100.00,8
100.00,7
85.71,14
100.00,4
75.00,8
100.00,8
71.88,32
87.50,40
94.00,50
0.00,19
0.00,51
62.50,8
65.22,138
100.00,4
76.87,804
81.67,120
0.00,10
100.00,5
66.67,123
0.00,5
73.68,19
15.07,73
80.00,5
90.48,21
85.54,83
0.00,2
0.00,5
100.00,2
100.00,8
80.00,5
100.00,19
43.43,99
0.00,2
0.00,15
0.00,8
0.00,17
0.00,186
0.00,53
0.00,34
0.00,10
0.00,5
0.00,14
0.00,204
0.00,1407
0.00,17
0.00,9
0.00,12
0.00,11
0.00,19
56.20,121
0.00,10
70.59,51
0.00,5
100.00,13
0.00,5
75.00,12
3.70,622
0.00,143
4.05,74
0.00,23
0.00,4
4.60,87
0.00,5
100.00,13
0.00,2
0.00,5
0.00,10
0.00,46
0.00,9
10.89,101
0.00,10
64.08,142
84.91,424
100.00,2
68.75,16
92.59,27
100.00,4
85.33,150
100.00,2
100.00,2
100.00,2
100.00,8
100.00,27
66.67,12
0.00,2
0.95,1375
0.00,18
0.00,8
0.00,17
0.00,203
0.00,53
0.00,23
9.21,76
46.49,114
0.00,15
0.00,10
0.00,229
0.00,5
0.00,1
0.00,6
0.00,9
0.00,19
0.00,76
0.00,56
0.00,9
0.00,217
0.00,2
0.00,10
0.00,16
0.00,4
0.00,8
0.00,10
0.00,2
0.00,2
0.00,19
69.86,73
0.00,4
0.00,23
95.86,169
85.71,14
97.44,39
100.00,2
100.00,5
0.00,2
93.02,43
100.00,2
87.50,8
64.58,1005
16.25,160
71.83,142
0.00,9
0.00,10
0.00,5
69.89,93
0.00,5
0.00,1
100.00,2
35.00,20
6.56,61
80.99,142
100.00,2
100.00,2
35.71,14
100.00,4
100.00,2
100.00,2
0.00,2
0.00,4
0.00,15
0.00,8
0.00,17
0.00,164
0.00,53
0.00,23
14.07,135
0.00,35
0.00,11
0.00,8
0.00,9
0.00,2119
0.00,2
0.00,11
0.00,9
0.00,2
0.00,19
0.00,4
0.00,11
3.72,242
0.00,8
0.00,2
0.00,5
0.00,18
0.00,22
0.00,4
0.00,5
0.00,16
0.00,2
33.33,24
69.23,13
0.00,17
46.86,239
0.00,53
0.00,23
12.96,108
65.63,96
0.00,10
70.10,97
0.00,57
79.94,1241
66.67,6
62.50,8
100.00,7
78.05,41
19.05,63
92.00,25
100.00,2
100.00,12
57.14,14
100.00,2
93.18,44
0.00,2
0.00,19
0.00,5
0.00,2
80.35,2361
11.43,70
0.00,28
0.00,13
83.33,18
83.54,164
0.00,53
62.86,35
6.45,155
64.35,115
43.24,37
0.00,9
0.00,10
80.93,194
0.00,5
78.13,32
0.00,25
86.36,176
100.00,2
100.00,5
43.75,16
100.00,4
80.00,15
84.00,25
97.73,44
0.00,11
0.00,19
0.00,9
0.00,2
71.83,71
13.08,107
0.00,26
80.14,423
100.00,2
37.50,8
100.00,17
0.00,5
1.88,160
51.72,29
47.66,107
0.00,10
100.00,5
90.18,112
79.75,1141
100.00,2
0.00,21
100.00,2
100.00,2
75.00,8
70.00,10
100.00,10
0.00,4
57.45,1208
0.00,17
0.00,8
0.00,17
0.00,166
0.00,53
0.00,23
44.54,357
14.29,21
0.00,10
0.00,5
82.73,220
0.00,5
100.00,7
100.00,5
38.24,34
29.49,156
0.00,2
0.00,14
100.00,2
71.43,21
0.00,21
0.00,2
0.00,2
0.00,19
0.00,9
52.94,17
0.00,8
0.00,17
45.74,188
0.00,53
0.00,23
28.16,103
0.00,10
100.00,4
75.58,86
72.19,766
75.00,32
92.59,27
90.63,64
100.00,4
100.00,11
100.00,23
87.76,49
0.00,19
79.20,226
0.00,10
0.00,5
86.61,112
0.00,5
100.00,4
100.00,5
86.67,15
85.71,49
0.00,2
100.00,8
0.00,2
74.63,670
0.00,97
0.00,10
70.00,200
0.00,5
8.57,70
92.59,27
79.58,191
100.00,2
100.00,3
85.71,14
100.00,2
80.00,20
65.00,20
100.00,27
66.67,12
97.73,44
0.00,2
82.97,775
46.67,15
0.00,8
0.00,17
69.05,168
0.00,53
0.00,23
70.10,97
50.00,10
0.00,5
83.98,181
0.00,5
100.00,17
90.48,21
0.00,3
80.95,63
100.00,2
100.00,9
100.00,2
70.00,10
100.00,25
0.00,46
0.00,19
86.15,130
0.00,10
80.37,107
0.00,5
0.00,1
100.00,16
73.39,124
100.00,2
77.78,9
100.00,4
70.00,10
0.00,2
57.24,1195
0.00,83
40.91,22
13.45,119
0.00,10
57.28,309
0.00,5
100.00,19
69.10,178
100.00,2
0.00,5
31.25,16
100.00,2
76.92,13
0.00,15
0.00,6
43.85,716
0.00,15
47.06,17
83.33,18
70.21,188
0.00,53
61.11,36
0.00,67
62.16,111
40.00,15
0.00,10
62.70,185
0.00,5
88.89,9
100.00,4
86.67,15
62.05,224
100.00,2
0.00,2
31.25,16
100.00,4
75.00,8
20.00,10
0.00,19
89.13,46
0.00,2
0.00,19
0.00,4
0.00,2
72.79,305
0.00,10
0.00,5
0.00,5
92.96,71
0.00,5
71.88,32
100.00,9
100.00,5
100.00,12
0.00,91
0.00,4
92.41,79
66.38,586
0.00,61
100.00,15
86.67,15
0.00,3
87.72,57
100.00,8
100.00,3
100.00,2
75.00,8
100.00,8
50.00,8
100.00,19
75.00,16
97.92,48
0.00,2
0.00,2
74.64,138
0.00,88
0.00,4
37.04,27
0.00,5
6.25,64
100.00,13
16.00,25
0.00,2
79.82,228
0.00,88
0.00,9
11.76,68
100.00,13
100.00,4
0.00,2
93.12,1018
52.94,17
0.00,8
82.35,17
75.61,164
0.00,53
84.62,26
80.92,131
0.00,38
0.00,10
77.46,173
0.00,5
0.00,2
0.00,1
16.67,66
80.00,5
90.48,21
77.95,127
100.00,2
100.00,4
100.00,5
100.00,2
50.00,20
66.67,6
100.00,23
66.67,12
97.80,91
0.00,2
0.00,19
79.84,630
14.13,92
44.44,18
24.00,125
0.00,4
97.14,105
0.00,5
66.67,6
19.12,68
90.48,21
0.00,3
100.00,3
100.00,5
100.00,2
70.00,10
100.00,4
0.00,2
0.00,2
0.00,2
0.00,4
61.90,21
0.00,8
82.35,17
76.92,208
0.00,53
87.10,31
75.97,129
13.33,180
40.74,27
0.00,10
100.00,5
80.95,147
81.43,3355
0.00,8
3.17,63
100.00,2
80.00,5
92.86,42
0.00,9
100.00,4
90.48,42
34.01,147
100.00,2
35.71,14
100.00,4
46.88,32
100.00,17
100.00,2
100.00,19
100.00,8
75.76,99
0.00,2
0.00,19
56.00,25
0.00,102
0.00,11
0.00,55
0.00,10
67.16,603
37.65,85
75.00,4
54.76,42
30.59,170
25.00,8
100.00,10
35.71,14
50.00,4
0.00,8
75.00,4
60.49,81
100.00,8
100.00,27
100.00,4
93.48,46
0.00,2
0.00,15
41.67,12
82.35,17
74.39,164
0.00,53
84.62,26
67.46,126
17.78,315
22.58,31
0.00,10
0.00,12
100.00,5
67.31,156
85.04,1878
66.67,6
100.00,5
0.00,67
86.67,15
63.16,57
100.00,2
100.00,25
0.00,2
0.00,19
55.56,9
100.00,5
0.85,705
1.04,96
0.00,10
0.00,2
0.00,34
0.00,5
0.00,6
0.00,5
0.00,2
0.00,68
0.00,18
0.00,4
0.00,14
0.00,2
0.00,2
0.00,2
86.32,351
0.00,88
0.00,10
85.83,120
0.00,5
90.48,21
6.56,61
85.07,67
100.00,5
100.00,4
100.00,8
100.00,29
0.00,2
41.52,1563
0.00,171
0.00,86
0.00,81
0.00,10
0.00,5
58.87,248
0.00,5
88.24,34
0.00,4
48.21,224
0.00,2
66.67,9
35.71,14
50.00,4
38.89,18
44.44,9
0.00,11
0.00,2
0.00,3
38.10,21
0.00,2
80.91,309
59.52,168
7.69,91
71.43,14
0.00,10
100.00,6
0.00,5
86.67,15
87.50,56
100.00,2
0.00,2
47.17,53
100.00,2
0.00,4
0.00,52
80.00,5
67.50,120
0.00,10
66.98,527
59.79,194
100.00,2
50.00,18
50.00,4
75.00,8
66.35,104
100.00,2
84.21,171
0.00,10
0.00,5
75.45,110
0.00,5
84.62,13
100.00,6
92.00,150
100.00,2
85.71,14
100.00,2
100.00,8
100.00,15
89.13,46
0.00,2
79.48,960
55.56,18
0.00,8
0.00,17
65.06,166
0.00,53
0.00,23
23.97,121
8.00,100
0.00,10
100.00,5
0.00,12
88.00,125
0.00,5
0.00,3
66.67,57
0.00,4
100.00,34
100.00,2
100.00,8
100.00,2
100.00,13
0.00,4
100.00,29
0.00,19
0.00,5
71.53,144
0.00,10
0.00,30
71.88,96
0.00,5
71.43,7
87.59,137
100.00,2
100.00,2
35.71,14
100.00,4
40.00,5
100.00,23
80.18,2064
9.52,84
75.00,20
0.00,8
0.00,17
75.30,166
0.00,53
0.00,23
73.08,182
0.00,52
0.00,10
78.26,230
0.00,5
100.00,28
62.50,8
93.33,30
25.00,8
0.00,3
86.81,91
100.00,2
66.67,6
100.00,7
100.00,4
0.00,2
100.00,11
18.75,16
100.00,27
75.00,16
90.20,102
0.00,11
0.00,22
0.00,5
0.00,2
13.59,103
0.00,10
80.46,174
74.58,602
100.00,5
86.67,15
87.62,105
100.00,2
0.00,2
100.00,7
100.00,2
38.10,21
0.00,4
100.00,19
75.00,16
0.00,2
0.00,2
65.48,2474
11.43,70
29.17,24
0.00,8
82.35,17
74.70,166
0.00,53
84.62,26
3.21,218
0.00,13
78.38,148
0.00,10
0.00,5
69.49,236
0.00,5
0.00,3
80.00,5
78.38,37
81.02,216
100.00,2
33.33,6
35.71,14
100.00,2
54.55,22
0.00,6
0.00,4
86.11,36
81.25,32
0.00,11
0.00,19
0.00,3
0.00,21
0.00,2
75.00,20
0.00,8
0.00,17
77.40,208
0.00,53
0.00,23
0.50,199
64.53,203
20.59,34
11.43,70
0.00,10
100.00,4
0.00,5
83.50,206
79.99,2279
12.50,8
86.67,15
100.00,19
0.00,3
90.65,107
100.00,2
100.00,3
100.00,4
100.00,5
100.00,19
0.00,11
0.00,22
0.00,9
0.00,2
20.00,15
0.00,8
0.00,17
5.30,151
0.00,16
0.00,25
24.19,62
0.00,10
40.63,32
100.00,2
73.15,108
73.13,387
0.00,2
14.29,7
100.00,3
100.00,4
92.09,215
0.00,10
0.00,5
84.07,113
0.00,5
0.00,3
100.00,32
86.93,199
100.00,8
77.78,9
100.00,4
100.00,8
100.00,19
93.18,44
30.51,1216
13.10,84
0.00,15
0.00,8
82.35,17
47.56,164
0.00,53
61.76,34
60.16,128
0.00,10
55.56,162
0.00,5
100.00,2
86.67,15
0.00,3
100.00,9
0.00,2
0.00,5
83.33,18
0.00,20
0.00,11
0.00,19
0.00,2
57.55,3310
11.43,70
83.33,18
0.00,8
82.35,17
68.28,186
0.00,53
85.71,35
0.00,37
88.07,176
0.00,10
53.71,175
0.00,9
86.67,15
0.00,61
0.00,121
0.00,2
0.00,9
0.00,2
75.00,8
83.33,18
100.00,10
73.33,15
75.00,16
93.48,46
0.00,11
0.00,19
0.00,2
66.67,15
0.00,8
0.00,17
67.40,181
0.00,53
0.00,23
80.00,95
0.00,10
73.46,162
81.29,695
100.00,5
91.49,47
70.59,136
75.00,8
0.00,5
100.00,4
75.00,8
100.00,8
100.00,19
100.00,44
0.00,19
0.00,10
0.00,5
83.70,92
80.95,252
100.00,7
100.00,13
84.62,91
0.00,8
100.00,2
80.00,10
89.13,46
0.00,2
0.00,15
0.00,8
0.00,17
75.61,164
0.00,53
0.00,23
26.45,121
0.00,4
100.00,12
75.36,69
91.36,220
80.00,5
0.00,2
70.21,47
100.00,2
100.00,8
100.00,19
0.00,19
0.00,15
0.00,8
0.00,17
0.00,164
0.00,53
0.00,23
52.73,110
0.00,10
0.00,9
0.00,5
62.75,153
75.00,388
0.00,2
100.00,2
54.76,42
75.45,110
0.00,2
100.00,2
83.33,18
86.21,29
0.00,19
60.00,20
0.00,8
0.00,17
67.96,181
0.00,53
0.00,23
67.54,114
0.00,10
96.43,56
89.81,834
14.93,67
90.48,21
84.00,25
100.00,2
100.00,8
100.00,32
97.73,44
0.00,2
0.00,19
80.24,167
0.00,15
0.00,9
83.33,18
49.39,164
0.00,53
57.14,35
9.30,86
0.00,4
81.25,48
0.00,5
100.00,18
80.00,25
100.00,2
100.00,2
100.00,19
0.00,19
1.49,1006
0.00,15
0.00,8
0.00,17
0.00,164
0.00,53
0.00,23
0.00,121
0.00,19
9.62,104
0.00,10
0.00,12
0.00,121
0.00,5
0.00,21
0.00,54
0.00,8
0.00,2
0.00,8
0.00,12
0.00,27
0.00,4
0.00,19
0.00,5
4.13,557
0.00,76
0.00,10
0.00,136
0.00,5
0.00,15
0.00,80
0.00,2
0.00,4
0.00,20
0.00,2
0.00,19
0.00,12
0.00,2
0.00,15
0.00,8
0.00,17
0.00,164
0.00,53
0.00,34
2.53,79
0.00,150
0.00,3
0.00,2
0.00,19
0.00,62
0.00,8
0.00,493
0.00,3
0.00,4
0.00,30
0.00,11
0.00,6
0.00,6
0.00,16
0.00,453
0.00,3
0.00,9
0.00,36
0.00,2
0.00,6
0.00,2
0.00,6
2.03,543
5.97,201
0.00,15
0.00,125
0.00,4
4.00,50
0.00,5
0.00,6
0.00,21
0.00,3
0.00,4
0.00,5
0.00,2
0.00,6
0.00,4
0.00,33
0.00,2
0.00,9
46.86,446
0.00,10
0.00,16
69.67,122
0.00,5
0.00,6
86.21,29
0.00,3
0.00,8
0.00,5
100.00,2
46.67,15
86.21,29
0.00,2
55.56,18
0.00,8
0.00,17
42.08,183
0.00,53
0.00,23
9.09,154
64.47,152
37.93,29
0.00,10
100.00,5
57.34,143
58.62,2448
65.63,64
100.00,5
80.00,5
100.00,5
100.00,2
44.44,9
0.00,8
81.97,61
0.00,2
100.00,8
100.00,2
100.00,7
0.00,19
29.41,17
28.32,897
0.00,65
0.00,39
0.00,10
67.68,99
0.00,5
100.00,13
0.00,4
100.00,2
100.00,5
0.00,3
0.00,11
15.03,153
28.57,161
0.00,13
0.00,10
51.65,242
61.96,3031
0.00,9
0.00,4
74.58,59
87.50,8
85.71,7
66.67,42
0.00,6
68.72,227
100.00,2
100.00,4
31.25,16
100.00,4
100.00,2
52.38,21
100.00,2
0.00,2
31.25,16
0.00,11
0.00,77
6.80,103
0.00,10
64.12,811
85.71,7
87.50,8
100.00,5
90.48,21
86.81,144
100.00,2
33.33,6
50.00,14
100.00,4
100.00,2
46.25,80
100.00,11
75.00,4
100.00,41
0.00,2
0.00,6
46.13,336
0.00,18
0.00,8
0.00,17
0.00,190
0.00,53
0.00,23
0.00,88
20.00,10
60.00,90
0.00,9
0.00,2
9.38,64
100.00,19
0.00,18
63.89,144
0.00,2
35.71,14
100.00,2
100.00,2
0.00,6
100.00,6
0.00,2
0.00,2
0.00,19
7.56,119
0.00,20
0.00,112
0.00,10
50.00,124
58.77,1659
100.00,2
60.87,23
100.00,18
0.00,4
95.45,22
100.00,6
100.00,3
29.41,17
60.09,213
20.00,10
0.00,5
44.86,185
60.52,1659
70.77,65
100.00,15
0.00,4
85.71,147
100.00,2
100.00,2
0.00,9
100.00,4
100.00,2
100.00,3
0.00,12
0.00,6
52.50,160
0.00,19
7.69,117
80.00,10
0.00,2
62.56,227
49.68,4281
0.00,4
100.00,51
0.00,5
100.00,23
100.00,2
0.00,13
0.00,4
56.41,234
100.00,2
100.00,7
50.00,14
100.00,4
23.08,13
0.00,3
36.84,19
70.14,4715
38.07,415
17.07,41
48.08,104
0.00,10
100.00,5
72.45,265
0.00,5
0.00,2
100.00,5
100.00,7
2.86,70
80.00,5
93.75,32
0.00,4
79.81,213
100.00,2
50.00,4
35.71,14
100.00,4
71.43,21
92.59,27
75.00,16
93.48,46
0.00,2
0.00,2
33.33,9
6.01,316
3.66,82
0.00,4
0.00,123
0.00,5
0.00,21
0.00,3
0.00,2
0.00,5
0.00,10
0.00,27
0.00,26
0.81,988
0.00,22
0.00,13
0.00,17
0.00,232
0.00,53
0.00,23
0.00,29
4.04,99
0.00,54
0.00,10
0.00,136
0.00,67
0.00,5
0.00,6
0.00,26
0.00,13
0.00,2
0.00,5
0.00,10
0.00,24
0.00,2
0.00,2
0.00,19
0.00,3
0.00,6
0.00,2
0.00,18
0.00,8
0.00,17
0.00,168
0.00,53
0.00,23
0.00,6
15.79,285
0.00,4
0.00,11
0.00,17
0.00,44
0.00,19
0.00,28
0.00,8
0.00,17
0.00,164
0.00,53
0.00,26
0.00,74
0.00,10
0.00,12
0.00,121
2.39,964
0.00,2
0.00,15
0.00,51
0.00,20
0.00,25
0.00,2
0.00,9
0.00,5
0.00,10
0.00,5
0.00,26
0.00,19
0.00,6
28.00,25
47.37,19
0.00,17
29.37,252
0.00,53
0.00,23
0.00,175
9.74,154
32.00,25
0.00,14
0.00,9
0.00,49
0.00,204
47.34,2934
0.00,3
100.00,2
0.00,68
100.00,4
0.00,13
0.00,24
37.50,16
0.00,19
0.00,3
33.33,15
0.00,2
0.00,15
41.67,12
0.00,17
4.27,164
0.00,53
0.00,23
0.00,8
0.00,22
25.00,12
58.54,369
0.00,100
75.00,8
75.00,4
0.00,19
0.34,4431
3.70,81
0.00,144
0.00,8
26.67,15
82.35,17
38.35,206
0.00,53
32.50,40
0.00,125
0.00,5
0.00,6
0.00,54
0.00,5
0.00,7
0.00,4
0.00,2
0.00,8
0.00,15
0.00,32
0.00,24
0.00,3
0.00,29
0.00,23
0.00,16
0.00,11
0.00,19
0.00,2
20.00,55
10.81,111
28.21,39
0.00,8
29.41,17
26.88,186
29.41,17
0.00,2
0.00,19
2.38,252
0.00,15
0.00,8
0.00,17
0.00,156
0.00,53
0.00,23
0.00,95
0.00,10
0.00,69
0.00,5
0.00,12
0.00,162
0.00,2
0.00,4
0.00,14
0.00,2
0.00,19
3.53,170
0.00,6
0.00,5
0.00,2
0.00,17
12.16,255
81.66,927
85.71,21
0.00,79
0.00,48
0.00,9
