60.00,10
16.67,300
0.00,20
37.50,16
69.23,26
83.33,72
57.14,14
100.00,6
100.00,22
0.00,44
90.63,1558
100.00,24
100.00,10
100.00,4
100.00,12
0.00,2
100.00,4
28.57,28
0.00,8
0.00,10
30.70,228
100.00,4
0.89,671
0.00,14
25.00,8
8.86,316
0.00,20
0.00,8
0.00,46
0.00,4
0.00,30
0.00,4
0.00,36
0.00,2
0.00,16
0.00,14
0.00,22
0.00,2
0.00,8
0.00,6
29.20,226
0.00,20
0.00,8
91.67,48
77.61,268
100.00,2
100.00,2
0.00,436
0.00,2
0.00,4
0.00,14
0.00,496
0.00,32
0.00,418
0.00,6
0.00,84
0.00,50
0.00,6
0.00,16
0.00,4
0.00,12
0.00,14
0.00,2
60.31,1023
0.00,104
0.00,8
0.00,100
0.00,74
0.00,8
0.00,6
0.00,4
50.00,4
100.00,4
20.00,40
0.00,16
82.55,642
28.57,14
19.44,360
0.00,14
0.80,498
0.00,38
0.00,54
0.00,2
0.00,22
0.00,4
0.00,6
0.00,8
0.00,10
0.00,4
0.00,2
0.00,8
0.00,14
50.00,52
92.31,26
0.00,20
0.00,2
62.72,3801
0.00,34
100.00,2
100.00,2
100.00,2
71.43,14
0.00,6
50.00,4
0.00,2
0.00,22
0.00,560
0.00,2
0.00,2
0.00,4
0.00,14
82.35,34
0.00,4
0.00,22
65.81,2340
0.00,6
71.43,14
100.00,4
16.67,12
0.00,2
0.00,4
0.00,100
0.00,6
0.00,2
0.00,10
60.00,60
78.26,414
100.00,4
100.00,4
100.00,44
0.00,4
0.00,2
92.68,246
0.00,12
100.00,4
89.32,1704
0.00,10
0.00,2
0.00,22
0.00,4
100.00,4
100.00,2
16.67,12
0.00,4
100.00,8
100.00,14
55.70,2887
0.00,16
48.73,628
0.00,20
57.14,28
31.87,182
85.71,14
100.00,2
83.87,62
0.00,4
0.00,4
100.00,2
100.00,6
100.00,4
100.00,10
30.71,127
0.00,8
100.00,4
100.00,2
83.33,24
50.00,8
100.00,4
50.00,8
100.00,14
50.00,12
36.97,238
0.00,20
0.00,8
8.33,24
0.00,22
53.53,340
100.00,4
0.00,2
76.47,34
68.42,456
100.00,2
0.00,4
100.00,4
0.00,36
0.00,2
69.41,170
100.00,4
100.00,2
66.67,18
43.02,358
0.00,20
0.00,8
66.67,6
58.82,136
0.00,2
100.00,2
54.17,624
100.00,42
100.00,2
100.00,6
0.00,2
3.64,110
89.58,480
9.52,42
0.00,4
100.00,2
100.00,14
57.20,2180
53.57,56
100.00,2
75.00,8
0.00,4
100.00,2
14.29,14
100.00,8
76.16,151
0.00,6
0.00,172
0.00,20
0.00,8
0.00,10
33.33,6
0.00,4
0.00,4
100.00,2
71.43,14
76.47,34
0.00,2
0.00,4
74.40,336
5.00,40
71.43,14
100.00,6
75.00,24
43.59,468
0.00,20
0.00,8
57.89,38
0.00,6
100.00,2
37.50,32
0.00,12
45.79,1424
0.00,4
55.17,116
100.00,2
80.00,20
83.33,12
25.00,8
9.09,220
0.00,20
0.00,8
41.18,68
0.00,4
0.00,2
66.67,18
64.95,1010
100.00,2
0.00,2
100.00,2
65.12,86
66.67,6
0.00,4
100.00,4
100.00,2
36.36,22
66.67,6
0.00,58
0.00,2
0.00,2
43.38,597
50.00,44
86.55,8094
75.00,40
0.00,6
0.00,2
0.00,66
0.00,4
100.00,2
100.00,6
100.00,4
13.33,15
100.00,12
80.00,10
90.34,238
0.00,2
0.00,22
0.00,4
0.00,10
0.93,214
0.00,34
0.00,2
0.00,4
0.00,8
0.00,10
0.00,2
0.00,4
100.00,12
0.00,10
71.95,688
0.00,8
0.00,238
0.00,20
0.00,8
0.00,24
0.00,2
0.00,38
11.45,262
0.00,172
50.00,4
0.00,4
0.00,4
100.00,2
0.00,2
100.00,50
100.00,2
100.00,4
95.25,674
0.00,2
0.00,2
0.00,4
0.00,10
100.00,4
85.27,3354
0.00,6
19.33,238
0.00,20
0.00,8
0.00,2
0.00,2
0.00,44
100.00,2
0.00,4
100.00,2
80.00,10
100.00,4
28.57,14
100.00,12
100.00,6
100.00,4
77.10,1048
9.09,22
0.00,6
37.58,298
0.00,20
0.00,8
100.00,10
100.00,4
0.00,2
0.00,24
0.00,6
0.00,26
0.00,2
0.00,4
0.00,132
0.00,2
0.00,10
0.00,72
0.00,2
0.00,4
5.56,36
43.75,32
0.00,40
0.00,4
100.00,12
0.00,2
0.00,2
0.00,2
0.00,26
0.00,1442
0.00,4
100.00,2
60.29,554
0.00,32
0.00,2
0.00,4
100.00,6
100.00,4
0.00,12
100.00,6
0.00,2
0.00,22
0.00,373
0.00,6
0.00,2
0.00,10
0.00,8
0.00,14
70.08,488
11.11,36
0.00,2
0.00,4
100.00,4
100.00,2
100.00,14
37.36,91
0.00,22
0.00,2
0.00,2
0.00,22
73.90,1203
100.00,18
100.00,6
100.00,14
0.00,2
71.05,76
0.00,22
0.00,2
79.17,1325
100.00,2
100.00,6
100.00,14
0.00,2
25.81,62
72.41,261
0.00,2
84.85,66
80.87,230
0.00,4
54.81,489
0.00,2
0.00,2
0.00,6
26.05,238
0.00,20
33.33,12
3.57,56
91.95,323
100.00,4
100.00,2
100.00,2
100.00,14
0.00,2
94.44,72
100.00,2
3.28,305
0.00,6
0.00,4
0.00,2
0.00,405
0.00,2
86.11,1152
0.00,22
0.00,6
29.37,252
0.00,20
0.00,10
76.47,34
0.00,2
0.00,22
0.00,4
100.00,2
100.00,22
100.00,2
100.00,2
100.00,8
100.00,14
0.00,2
17.39,322
0.00,2
0.00,14
0.00,282
0.00,20
0.00,14
0.00,36
0.00,12
10.04,259
64.49,963
42.86,14
34.45,238
0.00,20
0.00,8
71.43,154
33.33,6
0.00,44
0.00,4
0.00,12
4.55,88
0.00,1858
0.00,20
0.00,16
40.74,54
0.00,6
5.30,302
0.00,6
100.00,44
0.00,6
0.00,805
1.14,9882
0.00,8
60.00,5
0.00,6
100.00,2
25.00,8
0.00,4
85.71,28
28.50,814
0.00,20
0.00,8
44.44,18
50.00,8
0.00,22
0.00,60
78.32,2076
0.00,2
0.00,4
100.00,4
0.00,6
0.00,2
0.00,2
96.36,110
8.33,24
0.00,2
11.59,863
8.33,24
1.86,538
0.00,20
0.00,18
21.05,152
0.00,4
0.00,28
0.00,4
0.00,2
0.00,10
0.00,4
0.00,4
33.33,6
62.24,715
23.53,17
50.00,4
31.82,44
76.92,13
76.81,2363
0.00,2
100.00,12
83.33,12
30.77,52
87.88,33
0.00,26
0.00,2
50.00,12
72.57,5804
100.00,10
100.00,2
66.67,6
23.53,17
0.00,6
20.00,10
84.00,50
64.48,1295
9.52,42
0.00,4
100.00,4
33.33,6
0.00,22
0.00,4
100.00,2
100.00,4
0.00,4
50.00,4
100.00,2
75.00,8
0.00,8
1.08,557
0.00,6
0.00,18
0.00,2
13.64,44
46.69,664
0.00,6
0.00,2
53.04,362
100.00,46
0.00,26
85.45,8563
80.00,10
100.00,6
0.00,6
0.00,14
83.33,12
68.76,2289
0.00,2
44.44,36
26.35,592
0.00,20
0.00,8
19.75,162
0.00,4
0.00,2
0.00,22
0.00,134
0.00,4
100.00,2
0.00,6
0.00,2
28.57,14
0.00,4
100.00,8
0.00,14
94.62,595
15.00,40
0.00,2
0.00,44
0.00,4
100.00,2
0.00,6
100.00,6
16.67,12
50.69,3103
44.68,94
0.00,18
86.36,44
100.00,40
100.00,44
86.85,1095
0.00,6
30.63,222
0.00,20
0.00,8
70.59,68
0.00,2
0.00,4
75.00,8
16.67,12
100.00,12
100.00,2
100.00,8
100.00,14
0.00,114
100.00,6
57.86,13209
100.00,4
80.00,10
0.00,6
0.00,4
19.57,184
20.00,40
0.00,20
0.00,16
12.50,560
0.00,26
0.00,2
0.00,4
0.00,4
58.97,78
29.28,362
0.00,2
0.00,4
100.00,6
0.00,8
0.00,6
0.00,250
0.00,20
0.00,10
50.00,4
88.43,432
100.00,46
100.00,2
39.13,92
76.92,26
20.00,10
0.00,4
87.88,66
75.57,3111
100.00,8
100.00,6
0.00,4
0.00,8
88.89,18
100.00,6
85.71,28
83.33,12
60.00,10
8.33,24
0.00,56
100.00,16
60.00,10
0.00,4
86.11,72
49.33,1127
100.00,4
0.00,4
100.00,2
71.43,14
0.00,14
0.00,2
0.00,8
0.00,2
94.01,167
100.00,4
0.00,4
77.42,31
100.00,2
75.00,24
100.00,2
90.91,22
100.00,4
0.00,4
80.00,140
76.47,34
100.00,10
0.00,4
100.00,4
71.43,14
100.00,2
16.67,120
100.00,2
0.00,4
100.00,10
52.27,26278
85.16,364
0.00,8
80.00,10
100.00,18
100.00,6
100.00,6
0.00,6
0.00,4
0.00,6
0.00,6
0.00,2
0.00,726
0.00,6
0.00,6
0.00,2
0.00,34
0.00,10
0.00,6
0.00,14
79.92,249
0.00,6
36.67,240
0.00,20
42.86,14
48.28,58
12.50,16
0.00,10
0.00,4
95.24,63
100.00,8
100.00,2
75.00,24
0.00,2
91.67,144
0.00,8
0.00,2
75.00,16
0.00,4
100.00,18
87.27,55
25.00,8
100.00,4
100.00,8
0.00,73
0.00,4
0.00,4
0.00,8
92.19,128
0.00,42
100.00,6
0.00,4
42.86,14
0.00,42
80.49,1174
0.00,10
38.68,424
0.00,20
25.00,16
17.50,80
50.00,4
45.45,66
0.00,2
84.62,26
0.00,4
0.00,2
100.00,8
100.00,10
100.00,2
100.00,6
0.00,4
0.00,2
0.00,2
0.00,74
0.00,8
0.00,6
0.00,10
0.00,2
0.00,18
0.00,64
0.00,2
0.00,10
0.00,2
33.33,6
0.00,2
88.89,18
76.20,437
100.00,2
100.00,8
100.00,2
0.00,10
16.84,380
0.00,20
0.00,12
26.92,104
42.86,14
87.50,48
0.00,2
0.00,2
44.54,5263
0.00,6
25.00,8
100.00,12
0.00,4
100.00,4
100.00,2
60.00,20
95.00,40
0.00,2
83.33,12
60.90,133
100.00,8
0.00,22
0.00,8
0.00,320
0.00,20
0.00,8
0.00,26
0.00,6
0.00,591
0.00,4
0.00,30
86.67,120
100.00,14
0.00,4
0.00,54
0.00,2
0.00,8
0.00,48
7.50,80
0.00,14
0.00,4
0.00,10
0.00,2
0.00,2
0.63,945
0.00,8
0.00,298
0.00,14
0.00,4
0.00,66
0.00,10
0.00,180
0.00,6
0.00,12
0.00,24
0.00,26
0.00,39
0.00,2
0.00,2
0.00,46
0.00,4
0.00,14
0.00,10
0.00,2
0.00,4
0.00,54
0.00,138
0.00,50
0.53,751
0.75,266
0.00,6
0.00,20
0.00,2
0.00,14
0.00,42
0.00,2
0.00,61
0.00,8
0.00,16
0.00,2
0.00,14
0.00,28
0.00,232
0.00,12
0.00,4
0.00,2
0.00,448
0.00,138
0.00,2
0.00,6887
31.68,3122
0.00,6
0.00,362
0.00,20
0.00,8
17.71,192
0.00,4
100.00,6
100.00,2
0.00,6
16.67,12
0.00,10
0.00,14
100.00,10
28.57,28
0.00,8
25.47,212
0.00,6
6.25,32
1.40,430
1.43,140
0.00,12
0.00,530
0.00,20
0.00,18
0.00,8
0.00,42
0.00,34
0.00,2
0.00,6
0.00,2
0.00,6
0.00,432
0.00,30
0.00,2
0.00,18
0.00,16
0.00,454
0.00,20
0.00,20
0.00,62
0.00,32
0.00,30
0.00,2
0.00,16
0.00,181
0.00,12
0.00,6
0.11,1775
0.00,14
0.00,470
0.00,20
0.00,20
0.00,28
0.65,310
0.00,6
0.00,14
0.00,6
0.00,12
0.00,30
0.00,4
0.00,6
0.00,4
0.00,8
0.00,2
0.00,24
0.00,2
0.00,2
0.00,4
0.00,52
0.00,6
0.00,209
0.00,2
0.00,14
75.00,8
90.00,230
84.78,184
52.53,21591
28.57,14
0.00,280
0.00,20
0.00,8
0.00,24
14.29,14
0.00,80
33.33,6
0.00,44
100.00,6
0.00,34
0.00,4
40.00,10
100.00,4
0.00,2
0.00,6
100.00,16
0.00,4
100.00,2
100.00,2
0.00,2
33.33,6
0.00,14
66.67,30
33.33,6
0.00,8
0.00,44
0.00,6
66.67,12
66.57,2477
0.00,6
0.00,238
0.00,20
16.67,12
0.00,58
0.00,2
0.00,22
0.00,4
100.00,2
0.00,2
75.00,8
100.00,2
16.67,12
0.00,6
100.00,14
100.00,6
70.86,151
91.67,48
0.00,2
0.00,4
100.00,4
83.33,36
55.41,296
0.00,6
49.59,7857
27.92,838
68.29,82
100.00,2
100.00,2
0.00,2
8.82,3946
0.00,7726
8.39,8609
0.00,1272
100.00,2
56.89,167
9.43,1887
25.00,32
34.60,2480
100.00,4
0.00,6
100.00,6
99.52,415
0.00,7378
8.46,8227
0.00,1253
100.00,2
100.00,10
95.11,3966
24.00,100
12.74,4922
52.56,156
50.86,1331
100.00,6
62.68,1806
85.71,84
100.00,2
51.61,62
100.00,4
100.00,2
0.00,2
43.50,29497
14.71,39187
35.64,362
39.55,1302
0.54,1470
27.11,18024
100.00,6
100.00,6
46.67,30
100.00,2
64.19,916
0.00,6
0.00,2
100.00,4
83.33,12
0.00,264
0.00,6
0.00,2
0.00,4
0.00,30
0.00,2
0.00,2
0.00,14
0.00,2
23.44,128
0.00,8
19.63,326
0.00,20
12.50,16
0.00,4
0.00,8
0.00,4
17.39,46
64.20,1732
0.00,24
25.00,16
0.00,308
0.00,20
0.00,20
29.33,300
0.00,42
0.00,2
0.00,4
100.00,12
2.70,74
100.00,4
0.00,2
2.13,1879
0.00,20
5.45,770
0.00,20
0.00,16
0.00,14
0.00,178
0.00,4
0.00,4
25.00,8
0.00,2
0.00,38
0.00,4
0.00,52
14.71,68
0.00,4
100.00,4
0.00,6
100.00,2
0.00,2
70.25,595
0.00,12
33.88,484
0.00,20
33.33,12
0.00,46
0.00,4
33.33,6
0.00,6
0.00,2
20.27,148
0.00,4
100.00,4
0.00,2
33.33,6
0.00,2
0.00,70
0.00,8
0.00,252
0.00,20
0.00,16
0.00,32
0.00,2
0.00,2
0.00,4
0.00,42
0.00,8
0.00,18
92.31,26
75.00,1440
0.00,24
49.14,810
0.00,20
55.56,36
100.00,4
46.55,232
100.00,12
100.00,2
100.00,6
0.00,2
0.00,12
0.00,4
100.00,2
0.00,2
100.00,14
0.00,4
57.14,14
100.00,8
0.00,2
0.00,12
0.00,114
100.00,16
100.00,2
100.00,14
0.00,4
0.00,10
38.62,378
0.00,20
40.00,20
14.29,14
0.00,32
0.00,6
0.00,2
100.00,16
89.29,448
57.14,14
100.00,12
100.00,8
100.00,6
82.56,1732
0.00,22
42.86,14
53.11,354
0.00,20
66.67,24
68.72,358
82.35,68
0.00,8
55.56,18
73.91,46
0.00,4
100.00,2
0.00,6
0.00,42
100.00,2
0.00,2
1.96,102
0.00,8
0.00,2
62.22,45
100.00,8
100.00,2
100.00,14
0.00,2
76.56,1220
0.00,10
40.00,70
4.17,288
0.00,20
0.00,12
95.24,84
0.00,6
0.00,2
0.00,4
0.00,6
20.83,48
100.00,20
0.00,64
100.00,6
100.00,4
50.00,8
0.00,4
0.00,6
0.00,132
0.00,6
0.00,10
0.00,6
0.00,16
0.00,4
86.32,234
66.67,6
0.00,78
100.00,4
100.00,2
0.00,6
0.00,220
0.00,20
0.00,8
0.00,18
0.00,4
0.00,2
0.00,2
86.67,30
19.92,1436
0.00,52
0.00,6
66.67,6
71.43,14
0.00,2
44.27,323
0.00,14
0.00,10
13.04,276
0.00,20
0.00,12
63.64,44
0.00,6
0.00,2
100.00,2
0.00,4
0.00,64
71.43,14
100.00,2
0.00,2
56.04,1847
0.00,14
100.00,14
20.00,10
0.00,252
0.00,20
0.00,16
0.00,14
64.71,340
100.00,6
0.00,36
0.00,6
76.67,60
100.00,2
0.00,60
0.00,12
0.00,18
87.50,16
100.00,8
100.00,4
81.82,22
0.00,2
0.00,2
72.19,791
0.00,6
0.00,226
0.00,20
0.00,8
35.00,80
0.00,2
0.00,2
76.92,26
0.00,6
0.00,42
0.00,32
0.00,6
0.00,18
71.43,14
100.00,2
64.85,478
65.79,76
0.00,4
0.00,4
0.00,2
0.00,34
100.00,2
0.00,42
0.00,2
0.00,2
100.00,16
0.00,4
100.00,6
75.80,909
0.00,6
0.00,132
0.00,6
44.07,118
0.00,10
0.00,6
0.00,12
90.48,42
0.00,4
100.00,2
0.00,8
73.58,53
100.00,2
75.00,32
100.00,2
0.00,14
0.00,4
0.00,132
0.00,2
0.00,28
0.00,10
0.00,4
62.73,220
0.00,48
50.74,540
0.00,6
0.00,172
0.00,20
0.00,8
0.00,4
0.00,8
0.00,6
0.00,128
100.00,2
71.70,954
0.00,22
85.71,168
0.00,2
100.00,6
0.00,10
81.25,32
75.00,8
100.00,2
100.00,14
0.00,2
65.80,1468
0.00,22
0.00,6
26.05,238
0.00,20
0.00,8
54.55,110
100.00,56
25.00,8
75.00,8
100.00,16
100.00,2
100.00,14
0.00,2
100.00,2
0.00,2
86.90,336
100.00,10
65.22,46
100.00,10
0.00,10
0.00,6
20.00,220
0.00,20
0.00,8
0.00,2
90.47,902
66.67,12
100.00,18
100.00,6
25.00,8
100.00,31
16.67,12
100.00,8
75.76,66
0.00,2
97.83,460
0.00,2
100.00,16
100.00,2
75.00,8
0.00,10
100.00,2
100.00,14
81.93,2136
4.26,94
0.00,4
0.00,22
0.00,4
100.00,16
100.00,2
100.00,12
100.00,27
87.50,16
100.00,4
0.00,10
100.00,16
100.00,2
100.00,14
0.00,2
0.00,2
83.05,637
100.00,10
71.43,14
0.00,2
100.00,29
66.67,6
0.00,10
100.00,14
100.00,8
100.00,14
63.87,991
0.00,6
0.00,22
0.00,4
100.00,4
14.29,14
37.10,124
0.00,4
0.00,2
71.67,120
100.00,2
20.00,10
0.00,4
85.71,28
0.00,12
0.00,42
0.00,2
0.00,219
0.00,6
0.00,46
0.00,5
0.00,2
72.00,150
0.00,40
0.00,4
16.67,48
100.00,4
0.00,6
29.09,220
0.00,20
0.00,8
34.00,100
0.00,2
0.00,22
76.82,716
0.00,42
0.00,2
100.00,2
16.67,12
100.00,2
100.00,14
0.00,8
0.00,252
0.00,20
0.00,8
23.08,26
0.00,2
0.00,2
0.00,44
0.18,1134
0.00,2
0.00,13
0.00,12
0.00,2
0.00,2
0.00,8
0.00,326
0.00,20
0.00,8
22.22,18
0.00,108
0.00,2
0.00,653
0.00,4
0.00,42
0.00,10
0.00,2
78.02,646
0.00,40
0.00,2
0.00,44
0.00,4
100.00,2
28.57,14
75.00,8
100.00,14
0.00,4
93.52,648
100.00,4
100.00,10
25.00,8
100.00,8
100.00,4
100.00,8
100.00,14
0.00,2
91.46,164
75.00,8
100.00,4
0.00,10
100.00,28
0.00,4
0.00,2
86.55,3161
90.00,20
0.00,2
100.00,18
94.87,39
75.00,8
100.00,4
14.29,14
100.00,8
100.00,6
100.00,14
0.00,2
80.27,669
100.00,10
100.00,2
100.00,6
100.00,4
0.00,10
50.00,4
100.00,14
82.09,804
0.00,22
58.54,82
0.00,2
50.00,16
100.00,2
100.00,4
100.00,2
0.00,14
0.00,2
91.60,524
0.00,22
5.88,34
0.00,2
100.00,10
100.00,10
75.00,8
100.00,4
0.00,10
100.00,14
100.00,8
100.00,14
0.00,2
75.00,32
0.00,2
92.00,550
100.00,6
100.00,2
75.00,8
100.00,4
0.00,10
100.00,14
0.00,2
76.88,320
100.00,14
0.00,8
75.00,8
0.00,10
0.00,10
0.00,310
0.00,20
0.00,12
36.36,132
0.00,4
0.00,2
0.00,682
0.00,2
0.00,20
0.00,14
0.00,38
0.00,2
0.00,14
0.00,2
0.00,48
0.00,4
0.00,98
0.00,6
0.00,132
0.00,2
0.00,10
0.00,2
0.00,32
0.00,6
0.00,220
0.00,20
0.00,12
0.00,48
0.00,32
0.00,2
0.00,67
0.00,12
0.00,18
0.00,208
0.00,20
0.00,8
0.00,132
0.00,4
0.00,2
0.00,420
0.00,14
0.00,6
0.00,12
0.00,14
0.00,4
55.56,18
0.00,4
0.00,12
0.00,400
0.00,20
0.00,16
0.00,122
0.00,4
0.00,4
0.00,2
0.00,1270
0.00,2
0.00,18
0.00,12
0.00,4
0.00,2
0.00,4
0.00,2
0.00,10
0.00,10
0.00,2
0.00,2
0.00,2
0.00,36
0.00,330
0.00,2
80.00,10
100.00,2
67.52,314
0.00,2
0.00,2
0.00,4
50.00,4
75.00,8
0.00,10
100.00,2
0.38,1048
0.00,106
0.00,2
0.00,4
0.00,42
0.00,12
0.00,2
0.00,8
93.75,96
0.00,2
0.00,4
0.00,22
71.43,14
100.00,2
0.65,7080
0.00,10
0.00,238
0.00,20
0.00,14
0.00,58
0.00,18
7.41,108
11.11,18
8.96,67
0.00,40
0.00,4
0.00,2
0.00,14
0.00,4
0.00,6
0.00,8
0.00,4
0.00,28
0.00,2
0.00,12
37.19,570
0.00,48
0.00,10
0.00,22
0.00,4
0.00,6
0.00,18
0.00,69
0.00,8
0.00,8
100.00,2
0.00,6
0.00,12
0.00,2
50.92,2944
100.00,2
70.00,20
14.29,14
0.00,6
0.00,8
71.43,14
20.00,340
0.00,20
0.00,8
0.00,12
30.77,468
0.00,10
67.74,248
0.00,6
0.00,2
100.00,2
88.74,231
25.00,8
5.43,792
35.68,1390
0.00,6
0.00,2
0.00,38
59.64,555
0.00,26
35.50,876
14.29,28
40.86,93
0.00,2
44.44,36
13.33,30
48.25,974
25.00,8
21.01,238
0.00,20
28.57,14
0.00,76
0.00,4
100.00,770
0.00,8
0.00,4
100.00,2
0.00,16
0.00,54
100.00,4
100.00,2
0.00,6
0.00,220
0.00,20
0.00,8
6.33,158
0.00,4
94.76,935
0.00,4
0.00,2
0.00,2
0.00,4
100.00,13
66.67,6
55.17,29
0.00,2
91.62,525
0.00,6
37.04,270
0.00,20
0.00,8
0.00,14
0.00,2
0.00,4
100.00,12
100.00,2
100.00,14
84.93,1327
0.00,6
32.80,250
0.00,20
37.50,16
47.06,34
0.00,80
100.00,6
0.00,14
45.45,22
0.00,4
100.00,2
9.52,42
100.00,34
100.00,2
20.00,20
56.41,39
100.00,4
75.00,16
100.00,2
100.00,14
33.33,6
63.89,72
45.67,427
100.00,10
0.00,2
24.72,627
0.00,4
0.00,6
0.00,2
0.00,588
0.00,6
0.00,10
0.00,10
0.00,2
0.00,6
0.00,557
0.00,4
0.00,32
0.00,4
0.00,2
9.09,44
74.75,1299
40.00,10
33.33,6
73.68,38
76.52,1584
0.00,2
0.00,2
0.00,4
100.00,8
100.00,12
100.00,35
100.00,2
100.00,2
16.67,12
0.00,2
0.00,2
89.79,470
42.86,70
0.00,2
0.00,4
100.00,2
100.00,2
100.00,4
0.00,10
75.05,497
0.00,22
0.00,2
0.00,2
0.00,22
0.00,4
37.50,16
100.00,2
80.00,10
0.00,6
16.67,12
0.00,2
84.13,542
0.00,6
14.55,220
0.00,20
0.00,8
0.00,2
0.00,4
100.00,4
100.00,6
100.00,8
100.00,14
0.50,797
0.00,70
0.00,2
0.00,4
0.00,16
0.00,2
0.00,14
0.00,10
0.00,2
0.00,2
0.00,14
80.17,1210
78.95,38
0.00,2
0.00,22
0.00,4
100.00,2
100.00,2
0.00,10
100.00,4
100.00,2
0.00,6
0.00,2
73.68,228
100.00,8
100.00,4
100.00,14
40.00,50
0.00,4
0.00,22
16.18,4140
100.00,2
0.00,2
0.00,2
0.00,17
0.00,6
0.00,14
0.00,6
85.71,14
0.00,2
3.14,4174
0.00,16
0.00,8
0.00,10
0.00,2
0.00,35
0.00,2
14.29,14
0.00,1792
6.45,62
0.00,8
0.00,4
0.00,2
0.00,10
0.00,4
0.00,8
0.00,458
0.00,4
0.00,2
66.67,54
0.00,6
0.00,66
80.62,2890
33.33,12
75.00,8
14.29,14
0.00,6
100.00,8
0.00,6
0.00,238
0.00,20
0.00,12
17.19,128
0.00,14
88.89,18
59.65,228
100.00,2
0.00,24
100.00,34
100.00,2
16.67,12
0.00,4
0.00,6
0.00,2
0.00,2
0.00,252
0.00,10
0.00,378
0.00,20
0.00,22
15.00,40
0.00,2
0.00,18
0.00,2
0.00,8
0.00,4
0.00,14
0.00,2
51.47,136
100.00,8
59.39,1795
58.82,34
0.00,22
0.00,6
100.00,6
100.00,2
0.00,10
100.00,14
0.00,2
0.00,2
0.00,2
0.00,211
0.00,6
0.00,6
0.00,6
19.34,1158
0.00,2
0.00,6
0.00,4
0.00,6
0.00,2
0.00,6
0.00,10
100.00,6
0.00,8
0.00,14
0.00,14
0.00,4
0.00,24
0.00,562
0.00,2
0.00,6
0.00,2
0.00,264
0.00,12
0.00,2
0.00,14
0.16,2506
3.45,174
0.00,18
0.00,2
0.00,22
0.00,198
0.00,2
0.00,4
0.00,2
0.00,2
0.00,12
0.00,2
0.00,14
0.00,2
0.22,1846
0.00,22
0.64,314
0.00,2
0.00,198
0.00,42
0.00,2
0.00,2
0.00,12
0.00,8
0.00,14
0.00,2
0.00,14
0.00,296
0.00,20
0.00,8
0.00,106
0.00,4
0.00,154
0.00,14
0.00,10
0.00,2
0.00,2
0.00,19
0.00,2
0.00,20
0.00,10
0.00,2
0.00,14
8.33,48
0.00,2
0.00,22
92.45,556
75.00,8
100.00,8
100.00,4
100.00,4
46.88,128
81.86,4383
40.00,5
0.00,6
100.00,10
40.48,84
100.00,10
0.00,4
0.00,40
0.00,4
0.00,18
87.50,32
0.00,20
0.00,4
94.12,34
0.00,2
0.00,4
0.00,6
0.00,8
6.45,248
0.00,20
32.43,74
0.00,4
0.00,6
0.00,220
0.00,20
0.00,8
0.00,10
0.00,14
0.00,4
0.00,2
0.00,2
85.40,507
66.67,6
78.38,37
100.00,2
0.00,2
0.00,2
0.90,444
0.00,6
0.00,222
0.00,20
0.00,8
0.00,2
0.00,4
0.00,22
0.00,4
0.00,10
0.00,2
0.00,10
0.00,38
78.35,1210
100.00,2
0.00,4
0.00,44
85.71,14
36.36,22
23.35,454
0.00,20
30.00,20
90.00,60
0.00,4
43.95,992
68.18,88
0.00,4
0.00,2
100.00,8
100.00,6
0.00,18
44.80,346
0.00,2
0.00,8
0.00,6
0.00,238
0.00,20
0.00,14
0.00,32
3.70,108
0.00,28
10.63,301
100.00,4
0.00,2
57.28,611
0.00,2
100.00,2
0.00,4
100.00,8
100.00,2
11.69,154
73.68,38
94.59,74
0.00,2
0.00,4
0.00,2
0.94,1596
0.00,22
0.00,618
0.00,20
0.00,8
17.07,164
0.00,8
0.00,42
0.00,12
0.00,6
0.00,14
0.00,50
0.00,2
0.00,2
45.45,22
0.00,14
0.00,2
0.00,14
0.00,6
32.76,232
0.00,20
50.00,16
5.26,38
100.00,4
82.86,315
0.00,2
0.00,2
86.07,244
40.63,64
0.00,4
70.00,20
0.00,4
71.43,14
0.00,6
0.00,6
94.35,354
0.00,2
0.00,6
88.89,18
0.00,4
100.00,6
40.00,20
100.00,18
100.00,2
100.00,4
100.00,2
100.00,2
100.00,8
35.47,3454
0.00,20
21.99,764
0.00,20
26.67,30
3.17,126
20.00,20
0.00,30
0.00,20
0.00,6
79.41,68
0.00,4
4.55,44
0.00,10
73.68,38
0.00,10
100.00,81
100.00,14
0.00,4
45.16,62
100.00,4
100.00,14
0.00,2
3.92,1530
0.00,8
0.00,338
0.00,20
0.00,28
0.00,36
0.00,10
0.00,2
0.00,42
0.00,4
0.00,4
0.00,26
0.00,43
0.00,2
0.00,14
25.00,8
0.00,6
0.00,14
1.20,500
0.00,88
0.00,6
0.00,22
0.00,4
0.00,2
0.00,55
0.00,8
0.00,14
0.00,8
0.00,28
0.00,4
79.13,647
96.15,52
100.00,6
16.67,12
0.00,4
85.39,479
0.00,6
24.37,238
0.00,20
0.00,8
27.08,96
92.86,28
0.00,4
100.00,6
100.00,8
0.00,6
37.25,204
0.00,24
0.00,2
100.00,2
50.00,4
66.67,12
75.00,1200
0.00,2
100.00,2
100.00,30
78.79,66
100.00,2
100.00,2
0.00,4
50.00,4
49.33,150
0.00,2
20.83,48
80.65,31
0.00,38
0.00,10
0.00,4
58.12,382
39.02,41
33.33,18
0.00,4
75.00,32
36.73,49
0.00,4
1.08,186
0.00,2
30.72,1351
0.00,18
23.50,698
0.00,20
14.29,28
22.22,18
0.00,2
0.00,42
0.00,16
0.00,2
21.05,76
0.00,4
10.00,20
11.11,18
0.00,79
0.00,6
31.25,32
0.00,4
0.00,2
0.00,180
0.00,8
10.00,320
0.00,20
0.00,16
0.00,60
0.00,4
100.00,2
0.00,16
0.00,4
0.00,48
0.00,6
0.00,2
59.13,5676
0.00,2
60.00,40
23.06,928
0.00,20
0.00,8
34.92,126
56.00,50
0.00,86
0.00,4
0.00,2
0.00,4
0.00,10
0.00,84
0.00,4
0.00,46
0.00,10
100.00,12
0.00,30
100.00,2
100.00,6
0.00,6
0.00,14
100.00,10
71.38,968
0.00,8
25.15,326
0.00,20
30.00,20
20.00,130
0.00,4
83.33,60
0.00,4
9.52,42
100.00,8
70.15,67
100.00,2
87.50,32
100.00,12
100.00,4
0.00,12
8.04,448
0.00,20
22.22,18
0.00,136
0.00,14
0.00,2
75.56,90
69.21,2264
15.38,26
0.00,2
0.00,20
90.24,41
100.00,8
87.50,32
80.00,10
100.00,2
100.00,2
76.04,818
0.00,6
30.40,250
0.00,20
0.00,8
45.56,180
0.00,8
86.36,44
0.00,4
0.00,10
94.50,109
100.00,8
100.00,4
100.00,10
100.00,6
100.00,8
100.00,14
0.00,22
100.00,2
74.42,86
79.53,601
28.92,166
0.00,8
81.25,32
0.00,4
100.00,16
8.70,46
100.00,2
82.98,47
0.00,2
100.00,10
100.00,2
100.00,2
33.33,42
0.00,8
0.00,320
0.00,20
0.00,14
0.00,4
0.00,2
0.00,4
0.00,36
0.00,910
0.00,4
0.00,4
0.00,22
0.00,4
90.74,108
0.00,4
100.00,14
0.00,4
100.00,2
81.82,22
54.22,581
4.76,42
70.59,34
66.67,6
90.91,22
0.00,4
100.00,2
71.43,14
85.71,14
0.00,4
2.13,94
0.00,4
52.17,46
84.66,326
66.67,6
100.00,2
92.41,79
100.00,10
100.00,4
0.44,910
0.00,12
0.00,536
0.00,20
0.00,8
50.00,12
22.22,108
0.00,2
0.00,10
0.00,64
0.00,4
0.00,2
0.00,22
0.00,46
0.00,34
0.00,4
0.00,113
0.00,8
0.00,10
53.33,30
0.00,16
100.00,82
100.00,2
100.00,10
100.00,4
100.00,2
89.18,693
17.39,46
32.65,196
0.00,6
83.33,24
0.00,4
100.00,2
100.00,6
4.76,42
82.54,63
25.00,8
100.00,8
0.00,2
0.00,6
0.00,220
0.00,20
0.00,8
27.27,22
0.00,6
0.00,6
0.00,2
0.00,2
13.81,1325
0.00,4
0.00,8
10.20,98
0.00,2
0.00,4
0.00,6
0.00,16
0.00,2
0.00,8
60.00,10
23.57,280
0.00,20
0.00,8
25.00,16
38.24,68
0.00,4
57.14,28
0.00,36
88.19,982
100.00,2
83.33,12
100.00,2
76.19,42
9.52,42
100.00,8
100.00,12
100.00,4
100.00,14
0.00,2
90.73,2158
0.00,14
0.00,12
43.75,384
0.00,20
33.33,18
13.33,30
25.86,116
93.75,32
0.00,6
0.00,12
95.65,46
0.00,4
25.00,8
0.00,12
86.52,89
57.14,14
85.71,28
100.00,2
100.00,14
0.00,2
0.00,4
57.14,28
11.11,18
0.00,16
88.08,386
100.00,2
0.00,2
0.00,42
100.00,28
21.88,64
0.00,10
80.00,20
91.74,1162
0.00,14
100.00,6
100.00,4
71.43,14
100.00,12
0.00,2
81.07,1125
0.00,6
0.00,220
0.00,20
0.00,8
50.82,122
100.00,2
0.00,12
0.00,4
100.00,50
0.00,4
100.00,2
100.00,8
83.53,85
25.00,8
66.67,30
100.00,2
0.00,4
0.00,10
32.26,372
0.00,20
0.00,8
11.76,68
0.00,4
70.00,20
88.07,654
60.00,10
100.00,2
96.23,53
100.00,16
100.00,2
100.00,14
86.14,202
0.00,4
0.00,2
92.31,26
0.00,4
94.29,35
100.00,10
85.07,683
0.00,78
0.00,12
83.33,48
0.00,4
0.00,42
100.00,2
74.16,89
100.00,8
62.50,32
88.24,34
100.00,4
100.00,14
92.10,734
0.00,6
31.53,222
0.00,20
0.00,8
45.45,110
33.33,6
94.74,38
0.00,4
100.00,2
86.49,37
100.00,4
71.43,14
100.00,2
0.00,14
89.36,94
0.00,6
75.00,32
0.00,4
100.00,2
65.45,55
100.00,6
71.43,14
91.29,1171
0.00,14
100.00,8
0.00,64
0.00,8
88.46,104
0.00,4
100.00,2
83.81,105
25.00,8
80.00,20
0.00,2
100.00,2
54.60,718
33.33,12
33.79,290
0.00,20
42.86,14
0.00,12
48.00,50
100.00,6
0.00,8
81.82,44
0.00,4
100.00,2
61.06,113
25.00,8
100.00,4
44.44,18
0.00,2
100.00,14
0.00,2
97.99,298
0.00,2
0.00,2
77.78,18
0.00,4
72.73,22
100.00,10
100.00,2
0.00,44
100.00,22
65.32,496
0.00,42
100.00,4
91.67,24
100.00,4
100.00,10
100.00,8
100.00,2
100.00,14
84.21,114
0.00,42
50.00,4
0.00,4
4.76,42
100.00,2
66.10,118
0.00,40
0.00,6
4.76,42
100.00,2
93.04,833
0.00,8
50.31,326
0.00,20
33.33,12
52.87,174
0.00,2
0.00,10
95.00,40
0.00,4
0.00,2
9.52,42
100.00,2
75.36,69
100.00,2
87.50,32
0.00,4
100.00,2
100.00,44
80.20,596
22.22,18
100.00,4
6.67,90
100.00,14
0.00,4
100.00,2
9.52,42
100.00,2
100.00,4
71.43,14
0.00,2
100.00,2
0.00,10
57.89,418
0.00,20
42.86,14
59.29,226
5.26,38
100.00,4
0.00,8
85.71,28
83.13,2602
0.00,12
0.00,42
100.00,2
100.00,20
0.00,4
100.00,8
32.79,61
25.00,8
41.67,48
100.00,2
80.95,42
66.67,12
0.00,80
0.00,10
0.00,6
64.29,392
17.39,46
100.00,2
30.00,20
29.63,81
25.00,8
0.00,4
100.00,2
63.64,22
100.00,10
100.00,2
100.00,14
33.33,12
25.15,326
0.00,20
33.33,12
40.30,134
17.39,138
100.00,4
0.00,6
0.00,2
54.55,44
94.05,1613
100.00,2
100.00,2
0.00,42
56.41,39
100.00,2
50.00,4
100.00,2
0.00,504
0.00,84
0.00,2
0.00,8
0.00,4
0.00,2
0.00,4
0.00,44
0.00,6
0.00,2
0.00,2
0.00,2
89.74,312
0.00,42
0.00,4
81.48,54
0.00,4
4.76,42
86.05,43
100.00,2
100.00,10
100.00,2
64.10,1312
0.00,28
0.00,54
0.00,22
0.00,8
79.41,68
0.00,4
100.00,8
0.00,2
59.50,121
25.00,8
41.67,24
0.00,6
0.00,2
0.00,6
25.00,8
79.53,254
43.75,32
6.25,32
100.00,4
0.00,4
0.00,4
94.59,37
100.00,6
55.56,18
100.00,8
0.00,30
100.00,2
63.64,44
0.00,8
72.28,404
42.72,103
60.00,10
100.00,4
80.00,30
86.36,132
0.00,6
0.00,2
85.71,28
0.00,4
95.65,69
100.00,8
100.00,10
100.00,2
100.00,14
86.14,981
0.00,8
20.78,308
0.00,20
0.00,8
40.00,20
0.00,82
0.00,2
0.00,2
100.00,42
0.00,4
76.47,34
0.00,2
100.00,16
100.00,24
100.00,2
0.00,2
86.36,132
0.00,6
0.00,14
81.82,22
0.00,4
95.38,65
100.00,8
57.14,14
100.00,2
88.14,1577
0.00,22
0.00,8
45.21,292
0.00,20
0.00,8
26.09,230
0.00,8
0.00,10
88.64,88
0.00,4
100.00,24
100.00,2
100.00,10
91.04,67
100.00,2
0.00,4
100.00,16
42.86,14
100.00,2
100.00,42
0.00,2
0.00,2
2.04,98
0.00,8
88.24,34
85.87,538
92.45,53
100.00,8
50.00,36
0.00,2
100.00,2
82.15,2129
0.00,14
0.00,8
40.91,308
0.00,20
33.33,12
13.16,76
53.13,192
0.00,10
71.43,42
0.00,4
100.00,2
100.00,8
78.63,117
25.00,8
46.15,26
33.33,6
100.00,8
0.00,2
0.00,6
0.00,12
0.00,12
65.88,510
0.00,20
0.00,8
0.00,46
56.52,184
92.31,26
0.00,14
0.00,12
93.55,62
92.22,2004
0.00,8
100.00,20
96.83,63
100.00,14
100.00,2
0.00,2
0.00,4
0.00,4
0.00,132
0.00,2
0.00,10
4.76,42
0.00,6
100.00,2
77.78,18
84.97,286
0.00,2
100.00,6
100.00,2
97.83,184
0.00,10
0.00,2
100.00,34
0.00,4
100.00,8
90.10,101
100.00,6
100.00,10
100.00,2
100.00,14
73.54,1062
0.00,22
0.00,6
24.37,238
0.00,20
42.86,14
40.00,60
0.00,2
82.61,46
0.00,4
100.00,10
100.00,2
83.33,24
27.27,22
0.00,2
70.62,2553
0.00,14
0.00,14
61.09,550
0.00,20
63.64,22
75.86,174
0.00,14
52.00,50
0.00,6
0.00,52
83.64,55
0.00,6
100.00,4
83.33,24
100.00,12
100.00,20
100.00,14
0.00,2
0.00,6
29.17,240
0.00,20
0.00,8
55.32,94
0.00,6
73.68,38
89.55,440
100.00,4
100.00,26
81.33,75
0.00,2
100.00,4
100.00,10
100.00,2
100.00,14
0.00,6
0.00,2
100.00,26
79.44,214
100.00,2
96.49,57
71.43,14
100.00,14
0.00,6
34.45,238
0.00,20
0.00,8
12.00,50
100.00,2
100.00,12
92.37,236
100.00,2
69.23,26
100.00,10
100.00,2
0.00,6
0.00,220
0.00,20
0.00,8
37.50,64
0.00,4
0.00,2
60.00,30
85.44,412
30.00,20
58.18,55
83.33,24
100.00,2
0.00,8
46.15,338
0.00,20
0.00,8
35.90,78
0.00,2
100.00,16
90.80,652
4.76,42
100.00,6
100.00,10
100.00,4
100.00,14
98.44,128
0.00,6
26.05,238
0.00,20
42.86,14
0.00,32
100.00,4
0.00,4
100.00,2
100.00,6
100.00,2
8.08,817
0.00,10
5.29,378
0.00,20
0.00,8
0.00,120
0.00,4
9.09,22
0.00,8
0.00,6
50.00,28
0.00,4
59.26,27
100.00,4
0.00,12
0.00,2
0.00,2
65.10,573
0.00,34
0.00,4
56.25,32
0.00,4
0.00,43
87.50,32
100.00,4
100.00,2
0.00,6
0.00,238
0.00,20
0.00,14
0.00,58
0.00,100
0.00,38
0.00,4
0.00,287
0.00,12
0.00,8
0.00,2
0.00,2
0.00,8
0.00,277
0.00,12
0.00,2
0.00,4
0.00,2
81.55,336
14.29,56
0.00,56
100.00,10
0.00,4
100.00,2
100.00,4
0.00,4
96.61,413
0.00,2
0.00,8
100.00,50
0.00,4
100.00,2
100.00,2
85.71,28
100.00,2
0.00,6
20.00,270
0.00,20
0.00,8
23.08,52
18.69,214
100.00,4
0.00,8
68.75,64
80.87,2070
80.00,30
100.00,4
100.00,2
100.00,4
100.00,8
0.00,6
88.00,25
100.00,8
50.00,12
84.92,1021
0.00,26
0.00,4
0.00,2
71.43,42
0.00,4
0.00,2
100.00,2
66.67,6
50.00,4
23.53,34
23.60,178
0.00,2
0.00,14
70.59,68
82.19,2633
0.00,4
78.57,28
100.00,10
100.00,2
80.00,10
0.00,2
59.50,121
25.00,8
100.00,4
53.33,30
80.00,10
0.00,14
3.85,52
0.00,6
81.45,442
100.00,2
100.00,10
100.00,2
78.69,61
75.00,8
100.00,4
41.67,24
100.00,16
100.00,2
100.00,2
100.00,6
58.96,251
0.00,8
0.00,320
0.00,20
0.00,8
0.00,46
0.00,10
66.67,18
0.00,6
4.76,42
100.00,2
0.00,16
72.13,61
25.00,8
100.00,4
0.00,2
0.00,26
0.00,6
0.00,54
0.00,2
60.00,40
83.48,1459
100.00,4
80.00,10
100.00,2
0.00,2
100.00,20
100.00,6
25.00,8
32.00,300
0.00,14
70.59,34
89.29,1382
77.78,36
0.00,2
89.33,75
0.00,6
100.00,4
100.00,6
100.00,2
34.65,202
0.00,22
25.00,16
88.24,68
73.48,3865
100.00,24
100.00,2
100.00,8
100.00,4
66.67,12
0.00,2
51.22,123
75.00,8
80.00,20
0.00,6
20.00,10
89.26,5511
37.64,356
50.00,8
20.63,126
0.00,10
82.76,58
0.00,4
100.00,2
0.00,42
100.00,2
100.00,8
0.00,2
92.66,109
25.00,8
86.67,30
100.00,2
100.00,14
50.00,4
1.69,237
0.00,34
0.00,42
0.00,4
0.00,2
0.00,14
0.00,36
0.00,6
0.31,651
0.00,10
0.00,298
0.00,20
0.00,8
0.00,10
6.67,30
0.00,38
0.00,6
0.00,54
0.00,46
0.00,4
0.00,8
0.00,8
0.00,2
0.00,14
0.00,6
0.00,6
0.00,6
0.00,6
0.00,238
0.00,20
0.00,8
0.00,2
12.82,234
0.00,10
0.00,14
0.00,8
0.00,326
0.00,20
0.00,12
0.00,30
0.00,8
0.00,2
0.00,22
2.75,509
0.00,4
0.00,10
0.00,22
0.00,6
0.00,2
0.00,14
0.00,6
0.00,6
0.00,2
55.00,40
16.43,828
0.00,20
0.00,8
0.00,42
19.30,114
100.00,4
0.00,8
0.00,2
0.00,22
0.00,146
68.76,2967
0.00,2
0.00,46
80.00,10
0.00,4
0.00,6
33.33,6
25.00,8
1.68,238
0.00,20
0.00,8
0.00,4
0.00,8
0.00,2
76.30,346
0.00,84
100.00,4
100.00,2
0.15,4048
0.00,22
0.00,104
0.00,8
14.29,574
0.00,20
11.11,18
0.00,52
0.00,2
0.00,44
0.00,4
0.00,10
0.00,4
0.00,28
0.00,12
0.00,12
0.00,2
0.00,2
60.00,20
13.79,58
0.00,16
0.00,10
23.76,362
0.00,180
0.00,8
0.00,266
0.00,20
0.00,8
0.00,74
0.00,6
0.00,20
0.00,4
0.00,2
0.00,69
0.00,8
1.85,216
0.00,2
0.00,4
0.00,10
12.82,78
93.63,722
100.00,12
0.00,18
35.71,28
0.00,4
