46.43,28
52.94,17
64.71,17
37.14,210
0.00,53
52.31,65
74.78,115
86.54,156
95.24,21
100.00,2
100.00,12
100.00,5
100.00,45
0.00,61
87.54,1284
81.48,27
100.00,7
75.00,8
100.00,11
100.00,20
100.00,16
0.00,19
0.00,4
0.00,2
50.00,4
17.91,67
28.95,38
0.00,8
0.00,17
29.41,17
26.88,186
0.00,2
0.00,19
100.00,1
1.72,1049
4.29,70
41.18,17
62.50,8
0.00,17
28.08,203
0.00,53
0.00,23
0.00,104
0.00,14
0.00,91
0.00,5
0.00,159
0.00,6
0.00,2
0.00,20
0.00,27
0.00,22
0.00,6
0.00,2
0.00,10
0.00,29
0.00,3
0.00,6
0.00,2
0.00,11
0.00,19
0.00,12
0.00,2
46.67,15
0.00,8
29.41,17
55.84,154
3.77,53
8.70,23
87.67,73
74.23,260
75.00,4
100.00,6
84.21,19
1.46,480
0.00,6
0.00,5
0.00,5
0.00,4
0.00,33
0.00,11
1.05,668
0.00,14
0.00,256
0.00,9
0.00,5
0.00,2
0.00,6
0.00,96
0.00,33
0.00,10
0.00,12
0.00,84
0.00,5
0.00,15
0.00,3
0.00,20
0.00,10
0.00,19
0.00,2
0.00,2
55.45,1120
0.00,144
0.00,42
0.00,5
0.00,4
0.00,251
0.00,11
1.14,175
0.00,4
0.00,34
0.00,2
0.00,14
0.00,5
0.00,4
0.00,5
0.00,14
93.10,29
0.00,2
0.00,2
100.00,1
15.94,69
28.95,38
79.45,905
41.67,12
0.00,17
29.41,17
26.88,186
0.00,2
11.11,54
0.00,19
2.17,600
0.00,89
0.00,127
0.00,5
0.00,6
0.00,48
0.00,5
0.00,2
0.00,10
0.00,16
0.00,24
0.00,2
0.00,19
0.00,35
0.00,44
40.33,181
64.20,81
0.00,47
0.00,6
51.98,4007
55.26,38
0.00,17
57.14,7
100.00,6
88.00,25
100.00,6
90.00,20
70.00,10
45.00,20
62.50,8
0.00,2
0.00,3
33.33,9
66.67,3
0.00,6
0.00,45
0.00,594
0.00,2
0.00,4
0.00,7
21.43,28
0.00,11
0.00,44
86.08,79
28.57,14
6.25,48
100.00,13
60.44,1853
100.00,7
100.00,2
14.29,14
100.00,6
80.00,10
100.00,20
100.00,15
36.00,25
100.00,5
33.33,12
0.00,2
0.00,8
0.00,39
0.00,109
0.00,5
0.00,4
0.00,4
0.00,9
80.72,83
78.76,565
75.00,8
100.00,33
75.00,16
97.70,87
0.00,6
0.00,5
90.38,239
0.00,34
100.00,32
66.67,12
86.33,1375
0.00,26
0.00,8
0.00,45
0.00,5
100.00,4
75.00,8
75.00,4
29.03,31
0.00,2
100.00,45
92.50,40
0.00,2
56.95,2822
80.00,15
0.00,8
90.32,31
74.70,166
0.00,53
88.24,34
73.60,125
71.43,14
100.00,9
76.81,263
60.00,5
0.00,2
100.00,7
100.00,5
100.00,11
100.00,28
100.00,4
0.00,3
100.00,6
26.96,230
0.00,2
100.00,2
0.00,17
100.00,4
75.00,8
75.00,4
88.89,18
20.00,10
55.00,20
57.81,64
84.38,32
0.00,4
93.48,46
100.00,2
0.00,2
0.00,19
70.59,17
41.67,12
0.00,17
82.66,173
0.00,53
0.00,23
11.67,60
9.88,81
61.49,509
100.00,2
100.00,21
100.00,8
0.00,2
0.00,11
0.00,19
0.00,2
80.56,72
65.56,630
100.00,15
0.00,8
100.00,31
0.00,2
0.00,80
0.00,6
75.90,195
94.44,18
100.00,4
0.00,3
100.00,19
0.00,2
100.00,15
70.59,17
0.00,17
76.44,208
0.00,53
0.00,23
45.35,86
93.06,144
0.00,8
100.00,12
62.20,791
100.00,7
89.02,82
100.00,7
50.00,12
80.00,30
0.00,16
0.00,2
0.00,2
0.00,19
0.00,4
0.00,2
9.32,118
83.79,728
0.00,6
26.76,71
0.00,9
95.35,43
100.00,12
86.36,44
0.00,2
55.04,2133
54.63,108
62.50,8
100.00,14
0.00,5
85.71,14
75.00,4
100.00,5
43.40,53
100.00,34
0.00,8
0.00,2
74.22,225
0.00,15
0.00,8
0.00,17
0.00,164
0.00,53
0.00,23
0.00,25
50.00,10
0.00,3
60.00,5
100.00,13
0.00,12
61.54,26
80.00,10
0.00,19
86.30,73
0.00,8
0.00,8
72.54,477
10.29,68
100.00,12
80.00,10
100.00,5
100.00,7
0.00,5
62.50,24
70.59,17
0.00,17
73.87,222
0.00,53
0.00,23
56.99,93
0.00,10
100.00,12
58.33,108
0.00,23
47.27,1684
0.00,8
0.00,13
53.47,144
100.00,5
84.62,13
73.68,19
0.00,3
0.00,2
0.00,19
0.00,2
33.33,15
41.67,12
0.00,17
20.12,164
0.00,53
0.00,23
61.48,122
0.00,10
33.33,9
59.32,59
59.60,1156
100.00,1
0.00,11
75.00,4
42.86,14
56.41,117
100.00,2
0.00,2
75.00,8
75.00,4
16.67,12
64.29,14
100.00,2
60.00,5
0.00,19
0.00,199
0.00,2
100.00,1
0.00,6
0.00,11
30.99,781
27.50,80
84.25,6051
76.09,92
0.00,47
0.00,4
0.00,6
0.00,52
100.00,5
0.00,5
0.00,3
100.00,6
100.00,9
75.00,12
75.00,8
100.00,23
22.92,48
96.55,29
100.00,8
64.71,17
83.74,289
0.00,1
0.00,6
0.00,48
0.00,5
0.00,5
11.11,18
3.21,249
0.00,81
0.00,6
0.00,5
0.00,1
0.00,16
0.00,6
0.00,22
0.00,25
55.56,9
47.62,21
0.00,55
65.02,406
0.00,15
0.00,12
0.00,17
0.00,168
0.00,53
0.00,23
0.00,50
0.00,8
0.00,37
7.84,523
0.00,315
100.00,1
50.00,2
0.00,9
0.00,2
100.00,19
0.00,19
0.00,8
84.15,82
87.50,8
100.00,7
89.09,678
0.00,6
0.00,5
0.00,5
100.00,6
16.00,25
100.00,23
72.73,11
83.69,2827
0.00,15
0.00,8
0.00,17
37.80,164
0.00,53
0.00,23
0.00,6
0.00,6
0.00,50
0.00,5
100.00,12
0.00,5
100.00,6
100.00,7
63.64,22
75.00,8
36.11,36
54.55,11
96.55,29
96.67,30
75.00,16
0.00,19
100.00,1
72.75,1167
22.62,84
0.00,8
70.59,17
0.00,17
72.55,204
0.00,53
0.00,23
100.00,7
100.00,2
68.75,16
58.82,17
0.00,11
0.00,19
0.00,2
0.00,38
0.00,23
0.00,3
0.00,61
0.00,4
0.00,2
0.00,3
0.00,15
0.00,8
0.00,17
0.00,146
0.00,16
0.00,25
0.00,158
0.00,9
0.00,9
0.00,3
11.76,51
25.85,147
0.00,4
0.00,89
16.67,18
81.48,27
0.00,8
0.00,8
0.00,6
0.00,27
0.00,1344
0.00,2
22.22,9
0.00,2
75.00,4
62.35,502
0.00,74
25.00,8
0.00,5
100.00,2
78.57,14
75.00,8
0.00,5
8.33,24
95.83,24
66.67,12
0.00,2
0.00,1
0.00,6
0.00,45
0.00,551
0.00,23
0.00,4
0.00,19
0.00,36
0.00,44
76.92,26
65.61,785
20.73,82
0.00,6
100.00,5
0.00,5
75.00,8
16.67,12
100.00,21
66.67,12
94.00,50
21.28,282
0.00,1
6.17,81
0.00,6
0.00,6
0.00,45
68.96,1756
82.50,40
0.00,5
12.50,16
95.83,24
90.57,53
0.00,11
0.00,2
0.00,2
89.91,109
9.88,81
0.00,6
100.00,5
76.85,1767
100.00,2
87.50,8
28.57,21
95.83,24
97.92,48
0.00,11
0.00,2
0.00,2
18.75,64
63.22,541
100.00,2
100.00,4
100.00,1
26.92,26
100.00,2
84.16,101
72.65,340
0.00,2
100.00,2
100.00,1
33.33,18
0.00,41
100.00,5
44.00,500
100.00,2
0.00,2
0.00,7
0.00,6
0.00,5
0.00,15
0.00,8
82.35,17
48.78,164
0.00,53
76.92,26
13.33,90
100.00,5
91.39,546
75.00,8
75.00,4
100.00,25
93.18,44
0.00,19
0.00,5
96.43,84
0.00,2
100.00,19
2.72,588
0.00,14
0.00,6
0.00,5
0.00,538
0.00,5
85.46,1286
13.10,84
52.94,17
0.00,8
0.00,17
63.98,186
0.00,53
0.00,23
80.25,81
0.00,6
0.00,45
0.00,5
100.00,4
75.00,4
100.00,9
100.00,6
45.00,20
100.00,3
100.00,25
86.11,36
93.48,46
0.00,11
0.00,19
0.00,2
20.73,386
0.00,1
0.00,2
46.67,15
0.00,18
0.00,17
0.00,210
0.00,53
0.00,67
0.00,85
0.00,2
0.00,15
8.75,343
0.00,12
0.00,19
0.00,2
53.43,1312
52.94,17
50.00,16
0.00,17
74.39,164
0.00,53
0.00,23
78.84,189
35.71,14
0.00,38
0.00,5
0.00,2
100.00,4
0.00,6
15.38,39
0.00,19
0.00,29
23.81,21
0.00,17
0.00,256
0.00,53
0.00,34
38.12,223
0.00,26
27.07,181
0.00,14
100.00,4
13.64,22
93.62,47
0.00,14
0.00,1042
1.28,10914
0.00,2
0.00,13
0.00,4
0.00,22
30.43,23
0.00,2
0.00,3
100.00,4
23.81,21
0.00,2
33.33,24
71.43,21
0.00,17
41.34,254
0.00,53
0.00,23
45.68,81
57.14,14
0.00,1
0.00,45
0.00,122
76.47,2384
66.67,18
0.00,8
34.69,49
84.42,77
0.00,2
0.00,19
0.00,3
0.00,4
0.00,5
0.00,2
97.35,264
17.05,88
0.00,11
0.00,2
0.00,2
11.61,1283
0.00,18
29.41,17
29.41,17
13.68,190
0.00,53
6.45,62
32.84,134
0.00,14
0.00,30
0.00,5
0.00,2
0.00,5
0.00,12
100.00,2
0.00,9
0.00,4
0.00,6
0.00,18
0.00,23
0.00,12
0.00,2
0.00,19
0.00,2
31.67,60
0.00,4
59.43,700
0.00,2
100.00,4
0.00,16
39.29,28
57.69,26
33.33,9
34.67,199
0.00,4
0.00,4
63.33,30
100.00,5
69.74,2416
100.00,2
100.00,6
100.00,22
0.00,4
97.74,133
100.00,11
69.57,23
28.09,235
47.37,38
6.15,65
0.00,8
0.00,4
0.00,5
68.85,61
67.07,4841
100.00,11
100.00,7
0.00,3
50.00,2
100.00,6
100.00,7
100.00,25
40.00,10
40.54,37
100.00,21
0.00,3
0.00,3
20.00,15
78.67,75
58.21,1546
100.00,5
13.13,99
100.00,6
0.00,39
100.00,11
100.00,2
42.86,14
8.16,49
0.00,5
100.00,3
0.00,3
75.00,4
100.00,8
75.00,8
9.76,41
100.00,2
100.00,25
0.00,2
45.45,11
0.00,47
1.18,509
0.00,3
0.00,19
0.00,5
22.73,154
37.92,538
0.00,4
25.00,4
0.00,5
61.06,624
73.33,75
0.00,65
0.00,5
81.65,6067
36.36,11
50.00,4
100.00,3
0.00,3
0.00,16
76.47,17
65.77,2629
40.74,27
57.14,21
0.00,17
56.09,271
0.00,53
0.00,23
57.14,196
0.00,13
0.00,8
6.25,48
0.00,150
0.00,5
0.00,4
100.00,4
100.00,6
0.00,2
0.00,12
0.00,6
31.43,35
54.55,11
100.00,3
0.00,2
100.00,30
50.00,8
8.00,50
0.00,19
0.00,2
91.21,626
27.27,99
0.00,6
0.00,47
0.00,5
62.50,8
0.00,15
100.00,4
81.25,16
60.00,15
34.62,26
100.00,6
41.93,3651
74.22,128
100.00,3
0.00,9
75.38,65
96.72,61
33.33,6
100.00,4
96.55,87
88.62,1327
70.59,17
0.00,8
0.00,17
73.49,166
0.00,53
0.00,23
78.82,85
0.00,8
0.00,5
100.00,6
56.25,16
21.05,38
100.00,6
96.55,29
100.00,23
79.07,43
97.73,44
0.00,19
0.00,291
20.83,24
57.62,10839
80.00,10
36.36,11
0.00,3
0.00,9
16.55,290
14.47,76
28.95,38
14.29,14
0.00,20
29.41,17
24.88,201
0.00,2
0.00,63
0.00,4
0.00,8
0.00,19
0.00,15
72.31,65
36.39,676
0.00,4
0.00,3
0.00,8
83.33,6
0.00,4
0.00,7
0.00,26
0.00,2
0.00,15
0.00,8
0.00,17
0.00,186
0.00,53
0.00,23
35.71,14
79.95,369
100.00,2
100.00,32
100.00,4
0.00,19
55.05,218
55.32,47
60.00,10
0.00,9
0.00,5
86.65,337
68.55,3005
100.00,10
0.00,4
100.00,23
100.00,2
0.00,2
0.00,13
88.89,27
100.00,5
100.00,4
80.00,15
90.00,10
0.00,2
33.33,15
11.93,109
5.19,135
39.29,28
100.00,10
25.00,16
53.50,658
59.37,1137
100.00,17
100.00,4
0.00,9
100.00,5
80.00,10
0.00,44
0.00,2
0.00,5
0.00,10
0.00,5
90.03,321
100.00,31
0.00,9
82.86,70
100.00,2
100.00,4
78.95,76
100.00,27
93.75,32
0.00,4
100.00,30
0.00,5
100.00,13
77.40,292
82.95,88
0.00,4
77.12,118
0.00,5
100.00,17
80.00,10
80.00,5
0.00,2
19.93,291
11.76,34
0.00,10
0.00,5
93.88,98
45.60,24487
83.87,403
0.00,2
16.67,12
36.36,11
100.00,15
100.00,2
100.00,2
100.00,3
0.00,3
0.00,9
0.00,54
0.00,10
0.00,5
0.00,1311
0.00,22
0.00,2
0.00,14
0.00,4
0.00,346
0.00,8
0.00,24
0.00,46
0.00,2
73.59,337
0.00,15
0.00,8
100.00,17
84.76,164
0.00,53
79.41,34
83.91,87
11.43,70
0.00,10
100.00,4
0.00,5
100.00,2
93.08,130
100.00,8
85.71,14
100.00,2
90.48,21
66.28,86
66.67,12
0.00,11
0.00,19
0.00,2
85.63,167
0.00,10
0.00,5
81.48,81
0.00,5
100.00,6
90.00,30
89.26,121
100.00,2
35.71,14
100.00,2
100.00,4
100.00,30
0.00,2
11.32,53
0.00,4
0.00,49
0.00,5
0.00,18
0.00,2
94.44,108
0.00,88
0.00,4
100.00,32
0.00,5
65.71,35
8.57,70
100.00,6
0.00,2
75.81,1335
52.94,17
0.00,8
82.35,17
72.32,177
0.00,53
84.62,26
19.50,241
34.78,23
76.34,93
0.00,10
92.23,103
0.00,5
0.00,2
0.00,1
0.00,3
90.48,21
86.67,30
100.00,9
100.00,4
100.00,5
100.00,3
100.00,6
0.00,19
0.00,9
0.00,10
0.00,5
0.00,118
0.00,3
0.00,6
0.00,25
0.00,5
0.00,66
0.00,4
0.00,2
0.00,4
0.00,106
0.00,2
0.00,106
0.00,3
0.00,15
0.00,30
0.00,2
0.00,2
0.00,8
0.00,4
0.00,2
60.00,10
0.00,5
47.18,248
52.71,499
100.00,12
100.00,2
100.00,4
0.00,2
72.22,18
0.00,8
0.00,17
65.06,166
0.00,53
0.00,27
41.92,167
10.20,98
74.19,62
0.00,10
0.00,9
39.48,5334
0.00,2
47.06,17
26.32,19
100.00,4
0.00,9
100.00,2
75.00,8
92.31,13
39.88,163
82.61,23
0.00,2
0.00,19
0.00,4
0.00,4
66.22,74
52.03,123
100.00,2
100.00,7
0.00,12
100.00,2
0.00,15
0.00,8
0.00,17
0.00,186
0.00,53
0.00,23
0.00,65
0.00,11
0.00,17
0.00,645
0.00,13
0.00,2
0.00,19
0.00,71
89.78,186
84.09,44
0.00,5
0.00,148
0.00,4
0.00,19
0.00,12
0.00,2
0.00,11
0.00,164
0.00,6
9.20,174
0.00,29
0.00,5
0.00,16
0.00,11
0.00,4
0.00,5
0.00,2
0.31,1284
0.00,15
0.00,8
0.00,17
0.00,144
0.00,23
0.00,13
0.00,184
0.00,3
0.00,25
0.00,6
0.00,134
0.00,4
0.00,21
0.00,10
0.00,22
0.00,2
0.00,43
0.00,100
0.00,59
0.00,2
0.00,5
0.00,4
0.00,75
0.00,8
0.00,4
0.00,38
0.00,8
0.00,29
0.00,2
0.00,2
0.00,11
0.00,88
0.00,93
0.00,301
0.00,10
0.26,779
1.96,153
0.00,10
0.00,4
0.00,2
0.00,94
0.00,6
0.00,7
3.85,26
0.00,67
0.00,4
0.00,15
0.00,147
0.00,2
0.00,14
0.00,4
0.00,11
0.00,27
0.00,44
0.00,2
0.00,23
0.00,4
0.00,34
0.00,13
0.00,546
0.00,6
0.00,19
0.00,2
0.00,3
0.00,9
0.00,4
0.00,2
9.38,32
47.06,17
100.00,4
12.90,31
15.79,19
0.00,8
0.00,6
0.00,9
0.00,9
0.00,6313
0.00,3
0.00,6
0.00,6
0.00,4
27.11,3718
0.00,20
0.00,8
0.00,17
0.00,196
0.00,53
0.00,23
48.43,159
0.00,6
100.00,25
100.00,4
100.00,2
0.00,12
9.52,42
0.00,11
0.00,29
0.00,48
0.00,19
85.71,14
16.42,67
28.95,38
0.00,17
29.41,17
26.88,186
0.00,8
0.00,2
0.00,19
38.46,130
6.00,50
0.42,1190
4.35,138
0.00,15
0.00,8
0.00,17
0.00,190
0.00,53
0.00,38
0.00,58
0.00,11
0.00,2
0.00,10
0.00,3
0.00,60
0.00,19
0.00,3
0.00,19
0.00,3
0.00,4
0.00,9
0.00,6
0.00,567
0.00,44
0.00,19
0.00,3
0.00,48
29.41,34
0.00,12
0.00,17
0.00,186
0.00,53
0.00,46
0.91,110
0.00,2
0.00,66
0.00,8
0.00,9
0.00,26
0.00,309
0.00,2
0.00,16
0.00,6
0.00,19
0.00,2
0.31,2615
12.50,32
0.00,12
0.00,17
0.00,168
0.00,53
0.00,34
1.88,160
11.36,132
0.00,18
0.00,69
0.00,9
0.00,10
0.00,158
0.00,5
0.00,2
0.00,6
5.56,36
0.00,9
0.00,6
0.00,4
0.00,27
0.00,18
0.00,24
0.00,2
0.00,11
0.00,19
0.00,9
0.00,2
0.00,147
0.00,10
0.00,310
0.00,8
0.00,21
0.00,3
0.00,44
80.00,20
0.00,2
49.47,380
53.72,376
44.49,20471
0.00,22
47.06,17
0.00,17
0.00,232
0.00,53
0.00,23
1.52,132
20.34,59
0.00,95
42.86,14
0.00,5
0.00,47
48.65,37
0.00,45
0.00,5
48.05,77
100.00,11
100.00,5
100.00,18
0.00,1
0.00,25
100.00,9
100.00,10
0.00,12
30.77,13
100.00,6
100.00,7
0.00,4
25.00,12
0.00,10
44.74,38
77.27,44
73.08,26
0.00,32
0.00,96
0.00,19
0.00,3
47.62,21
0.00,2
60.97,2375
0.00,15
0.00,8
0.00,17
0.00,164
0.00,53
26.92,26
1.09,92
0.00,8
0.00,5
0.00,45
0.00,5
0.00,3
100.00,4
100.00,4
0.00,6
0.00,2
56.25,16
75.00,4
68.42,19
19.35,31
22.22,36
89.13,46
0.00,19
83.33,6
62.22,180
91.84,49
0.00,6
0.00,5
100.00,4
75.00,8
0.00,7
75.86,87
59.35,369
0.00,38
0.00,6
41.23,3017
24.10,332
61.54,39
100.00,2
100.00,4
0.00,6
0.00,8
6.96,5414
100.00,2
0.00,2
0.00,2067
5.87,3987
0.00,651
75.00,4
0.00,2
0.00,5
30.00,350
18.17,4688
44.95,465
36.50,6824
5.77,5527
100.00,4
78.57,14
100.00,38
100.00,4
0.00,16
0.00,3
83.33,6
24.95,2822
0.00,2
0.00,1477
7.01,3126
0.00,558
75.00,4
0.00,2
100.00,13
99.80,1498
0.00,5
35.29,34
25.38,650
70.00,40
45.66,865
0.00,1
0.00,6
50.00,4
83.33,6
61.74,1014
86.11,72
100.00,2
62.50,48
100.00,2
100.00,7
0.00,6
58.90,7750
35.39,8435
43.18,176
44.64,578
11.38,123
25.08,19748
100.00,8
50.00,4
83.33,6
27.03,111
0.00,13
0.00,4
100.00,2
0.00,5
100.00,35
50.38,1044
36.62,71
100.00,4
100.00,2
100.00,4
100.00,19
0.00,10
0.00,7
88.89,9
58.62,29
6.21,338
0.00,3
0.00,1
0.00,17
0.00,8
60.00,5
0.00,48
0.00,4
0.00,12
0.00,44
0.00,10
0.00,2
0.00,2
24.83,145
0.00,15
0.00,8
82.35,17
63.41,164
0.00,53
73.08,26
0.00,8
0.00,22
0.00,5
15.07,73
0.00,19
69.08,1976
9.88,81
38.46,13
0.00,31
0.00,17
0.00,186
0.00,53
0.00,46
72.11,190
0.00,2
0.00,67
0.00,8
0.00,5
0.00,3
89.83,59
2.97,101
100.00,9
0.00,7
0.00,11
0.00,19
0.00,2
2.87,1605
58.82,17
0.00,12
0.00,17
26.60,188
0.00,53
0.00,39
0.00,107
5.23,172
0.00,21
0.00,10
75.00,12
0.00,5
0.00,11
0.00,42
60.00,5
0.00,37
25.74,101
0.00,2
75.00,8
0.00,3
38.10,42
0.00,4
59.26,594
80.00,15
0.00,8
82.35,17
75.61,164
0.00,53
84.62,26
0.00,105
0.00,8
100.00,12
0.00,9
0.00,7
13.75,160
0.00,2
75.00,8
0.00,7
35.71,14
0.00,19
25.00,8
5.88,119
0.00,31
0.00,12
0.00,17
0.00,186
0.00,53
0.00,46
0.00,2
0.00,66
0.00,8
0.00,8
0.00,5
0.00,56
0.00,47
0.00,36
0.00,19
0.00,2
85.71,49
71.00,1652
50.00,28
0.00,13
100.00,17
86.84,190
0.00,53
100.00,52
92.86,14
58.87,141
70.97,31
80.56,72
100.00,5
31.58,38
0.00,8
0.00,2
100.00,2
0.00,9
0.00,10
100.00,2
50.00,8
0.00,12
95.83,72
0.00,5
78.57,14
100.00,2
84.00,25
0.00,9
0.00,32
0.00,127
90.91,11
100.00,19
97.73,44
0.00,48
0.00,2
0.00,15
0.00,8
82.35,17
75.61,164
0.00,53
88.24,34
15.38,26
0.00,77
0.00,38
0.00,10
89.92,119
79.30,488
64.29,14
95.65,23
57.14,7
100.00,3
0.00,19
76.26,1959
13.10,84
0.00,31
64.71,17
100.00,17
89.25,186
0.00,53
100.00,46
80.00,175
100.00,2
94.52,73
0.00,10
0.00,2
77.78,27
87.50,152
0.00,5
83.33,6
0.00,2
0.00,64
69.23,26
70.37,27
4.20,119
0.00,47
0.00,8
58.06,62
100.00,2
88.89,18
100.00,38
97.73,44
0.00,2
0.00,11
0.00,19
0.00,2
73.91,1192
0.00,26
0.00,12
74.04,104
0.00,17
11.83,186
0.00,53
0.00,31
95.72,187
100.00,5
0.00,9
55.00,20
0.00,8
0.00,9
26.44,87
92.00,25
0.00,94
100.00,2
75.00,8
0.00,6
64.29,14
0.00,2
0.00,19
0.00,8
0.00,2
0.00,26
0.00,12
0.00,17
0.00,144
0.00,24
0.00,25
0.00,9
0.00,46
0.00,8
87.23,235
90.00,10
0.00,92
75.00,8
100.00,5
0.00,2
0.00,15
0.00,8
0.00,17
0.00,164
0.00,53
0.00,23
0.00,109
0.00,14
0.00,10
0.00,9
77.91,86
18.01,1227
0.00,30
0.00,38
9.09,22
80.00,10
0.00,2
0.00,19
0.00,4
40.94,342
11.43,70
32.14,28
0.00,13
0.00,17
33.13,166
0.00,53
0.00,31
67.02,94
0.00,9
0.00,10
100.00,15
0.00,5
100.00,2
0.00,4
0.00,3
100.00,13
0.00,62
80.00,10
100.00,5
0.00,2
0.00,11
0.00,19
0.00,2
54.11,2371
11.43,70
75.36,69
0.00,31
38.46,13
0.00,17
0.00,186
0.00,53
0.00,46
3.54,113
81.50,200
43.33,30
0.00,2
0.00,67
0.00,10
83.14,172
100.00,1
0.00,3
100.00,2
100.00,19
0.00,79
0.00,59
0.00,36
87.50,24
100.00,2
100.00,7
100.00,2
75.00,12
16.67,12
0.00,11
0.00,2
0.00,19
0.00,4
0.00,2
71.43,819
0.00,15
0.00,8
0.00,17
0.00,154
0.00,53
0.00,23
54.55,121
0.00,10
0.00,11
78.87,71
0.00,9
0.00,64
100.00,13
0.00,50
0.00,38
0.00,34
80.00,10
100.00,5
0.00,2
0.00,19
57.23,519
64.08,103
0.00,8
0.00,5
0.00,2
0.00,7
0.00,49
100.00,5
0.00,98
26.67,15
0.00,8
100.00,32
0.00,5
100.00,6
75.75,866
0.00,26
0.00,12
0.00,17
0.00,144
0.00,24
73.91,115
0.00,25
0.00,9
0.00,10
72.78,180
0.00,5
92.59,27
0.00,17
58.10,105
0.00,2
100.00,4
100.00,5
100.00,2
90.00,20
100.00,23
0.00,49
0.00,2
0.00,15
0.00,8
0.00,17
0.00,151
0.00,16
0.00,68
0.00,25
0.00,8
56.58,281
0.00,4
0.00,72
0.00,2
52.84,405
0.00,15
0.00,8
0.00,17
0.00,164
0.00,53
0.00,23
0.00,8
0.00,22
0.00,3
0.00,9
0.00,148
100.00,4
0.00,19
69.37,1626
13.10,84
79.09,110
0.00,6
100.00,5
88.24,17
0.00,26
78.08,73
100.00,2
56.25,16
28.57,7
100.00,19
91.67,48
0.00,2
0.00,11
0.00,2
0.00,2
67.61,2186
13.10,84
52.94,17
0.00,8
0.00,17
49.40,168
0.00,53
0.00,23
81.55,103
0.00,2
97.67,86
100.00,3
0.00,2
56.25,16
0.00,4
100.00,8
100.00,19
89.58,48
0.00,11
0.00,19
83.33,6
0.00,2
0.00,6
78.15,357
100.00,2
100.00,26
66.98,106
84.62,13
13.33,15
46.67,15
0.00,8
0.00,17
39.16,166
0.00,53
0.00,23
0.00,6
86.83,1033
100.00,4
97.22,36
100.00,7
100.00,3
50.00,4
100.00,34
35.00,20
100.00,4
0.00,19
73.33,105
0.00,8
94.29,578
0.00,5
91.30,23
100.00,4
66.67,6
56.25,16
11.11,18
100.00,19
97.73,44
0.00,2
79.78,2305
14.95,107
0.00,8
0.00,45
0.00,5
0.00,5
0.00,3
100.00,25
100.00,4
100.00,6
81.82,22
96.88,32
68.18,22
75.00,8
100.00,6
7.14,28
100.00,8
100.00,23
0.00,12
94.00,50
0.00,6
0.00,5
82.45,735
100.00,30
64.52,31
0.00,7
96.15,26
50.00,12
19.05,21
94.12,34
86.11,36
90.91,44
63.73,783
0.00,14
0.00,1
0.00,45
0.00,5
100.00,4
75.00,8
100.00,11
17.31,52
26.75,228
0.00,8
0.00,5
67.14,280
100.00,19
0.00,7
33.33,9
0.00,8
71.28,94
0.00,6
0.00,92
0.00,88
0.00,4
0.00,6
0.00,300
0.00,12
0.00,2
0.00,73
0.00,6
0.00,22
0.00,6
0.00,2
0.00,2
0.00,4
80.00,205
0.00,88
0.00,5
33.33,93
75.00,8
0.00,5
55.56,18
0.00,8
0.00,17
64.63,164
0.00,53
0.00,23
77.68,112
0.00,6
6.25,48
74.59,921
0.00,63
0.00,4
75.00,4
36.67,30
100.00,25
88.24,51
0.00,2
0.00,19
0.00,18
0.00,12
0.00,17
0.00,184
0.00,53
0.00,23
18.35,109
0.00,6
0.00,6
0.00,5
0.00,2
0.00,47
0.28,1428
100.00,2
0.00,4
0.00,6
0.00,34
0.00,29
0.00,25
0.00,19
0.00,5
0.00,18
0.00,8
0.00,17
0.00,168
0.00,53
0.00,23
18.26,115
1.02,98
0.00,8
0.00,806
0.00,2
0.00,61
0.00,6
0.00,5
0.00,18
0.00,4
0.00,8
0.00,2
0.00,19
0.00,4
75.15,668
0.00,95
0.00,6
0.00,50
0.00,5
100.00,4
100.00,4
51.61,31
100.00,11
46.88,32
89.13,46
0.00,6
91.41,745
100.00,5
100.00,3
100.00,32
100.00,3
100.00,15
75.00,8
100.00,5
0.00,12
100.00,4
97.92,48
0.00,6
91.16,147
100.00,2
56.25,16
75.00,8
11.76,17
95.52,67
0.00,8
0.00,5
100.00,5
78.63,2752
90.91,33
100.00,3
100.00,2
20.00,5
100.00,8
96.15,26
100.00,38
56.25,16
75.00,8
15.79,38
45.45,11
100.00,4
100.00,24
94.00,50
0.00,6
0.00,1
0.00,5
75.96,545
81.82,11
100.00,4
100.00,4
80.00,10
75.00,8
54.55,11
11.76,17
100.00,2
94.00,50
84.21,1045
13.10,84
81.19,101
0.00,6
0.00,5
65.38,26
100.00,4
100.00,8
75.00,8
100.00,10
14.29,14
100.00,19
75.00,16
8.00,50
0.00,11
0.00,2
0.00,2
86.67,600
17.05,88
8.86,79
0.00,6
100.00,5
100.00,14
100.00,32
100.00,2
56.25,16
75.00,8
11.76,17
94.12,34
86.11,36
97.92,48
0.00,11
0.00,2
0.00,2
80.52,77
0.00,6
84.55,628
100.00,6
0.00,3
100.00,4
100.00,6
56.25,16
75.00,8
10.53,19
97.92,48
0.00,6
73.86,306
90.91,22
0.00,3
0.00,15
56.25,16
0.00,5
11.76,17
100.00,4
0.00,15
0.00,12
0.00,17
0.00,164
0.00,53
0.00,26
52.70,148
0.00,8
0.00,9
0.00,1024
0.00,3
0.00,1
0.00,53
0.00,2
0.00,63
0.00,58
0.00,2
0.00,4
0.00,2
0.00,44
0.00,19
0.00,6
0.00,133
0.00,8
0.00,3
0.00,87
0.00,3
0.00,15
0.00,12
0.00,17
0.00,151
0.00,16
0.00,25
0.00,8
0.00,121
0.00,6
0.00,3
0.00,15
0.00,8
0.00,17
0.00,164
0.00,53
0.00,34
0.00,83
0.00,114
0.00,9
0.00,3
0.00,19
0.00,99
0.00,3
0.00,10
0.00,15
0.00,12
0.00,17
0.00,156
0.00,53
0.00,23
1.37,146
0.00,49
0.00,10
0.00,708
0.00,37
0.00,22
0.00,13
0.00,7
0.00,36
0.00,22
66.67,12
0.00,10
0.00,3
0.00,2
0.00,19
0.00,11
0.00,17
0.00,8
0.00,17
0.00,164
0.00,53
0.00,34
0.00,116
0.00,14
0.00,10
0.00,9
0.00,5
0.00,1348
0.00,7
0.00,29
0.00,15
0.00,7
0.00,45
0.00,23
0.00,8
0.00,15
0.00,8
0.00,12
0.00,19
0.00,2
0.00,2
0.00,42
0.00,6
100.00,3
0.00,81
0.00,559
0.00,19
66.67,18
27.27,11
0.00,2
76.07,351
0.00,6
0.00,5
0.00,5
100.00,4
58.33,12
56.25,16
11.11,18
100.00,21
80.00,15
0.52,1353
0.00,126
0.00,6
0.00,5
0.00,5
0.00,64
0.00,4
0.00,6
0.00,26
0.00,19
0.00,40
0.00,2
0.00,2
88.46,182
0.00,10
0.00,1
81.82,11
0.00,5
0.00,41
70.00,10
100.00,4
0.78,9963
0.00,15
0.00,13
0.00,17
0.00,164
0.00,53
0.00,30
1.11,180
0.00,33
12.50,168
60.00,10
2.12,520
0.00,31
0.00,5
0.00,2
0.00,15
0.00,6
24.39,41
0.00,12
0.00,25
0.00,2
0.00,4
0.00,7
0.00,2
0.00,15
0.00,31
0.00,2
0.00,2
0.00,19
0.00,23
0.00,2
26.29,852
3.16,95
0.00,10
0.00,74
0.00,5
0.00,24
0.00,18
0.00,150
0.00,2
0.00,2
0.00,14
0.00,2
0.00,2
66.67,6
0.00,4
100.00,2
0.00,6
2.78,72
0.00,6
0.00,5
48.24,2991
100.00,4
66.67,9
100.00,6
100.00,28
61.54,26
100.00,4
0.00,8
22.22,36
35.48,31
0.00,3
0.00,11
12.50,24
69.23,13
0.00,17
26.73,217
0.00,53
0.00,23
0.00,23
48.96,431
0.00,5
0.00,19
0.00,2
67.12,219
100.00,6
100.00,2
0.00,10
0.00,6
62.50,8
83.47,121
33.33,15
6.64,904
39.70,2398
0.00,3
0.00,23
0.00,29
0.00,52
59.04,647
0.00,67
24.32,1032
9.86,71
46.25,160
0.00,1
51.32,76
4.76,21
47.59,1164
0.00,19
41.67,12
64.71,17
39.20,176
0.00,53
60.00,30
7.69,91
0.00,8
100.00,347
0.00,13
0.00,2
75.00,4
0.00,4
0.00,30
0.00,52
0.00,4
75.00,8
100.00,4
0.00,2
0.00,19
0.00,17
0.00,8
0.00,17
0.00,166
0.00,53
0.00,23
5.56,288
0.00,8
0.00,19
90.06,996
0.00,39
0.00,4
0.00,6
0.00,3
0.00,5
0.00,5
100.00,6
94.12,17
50.00,12
100.00,11
39.34,61
0.00,5
88.62,492
52.94,17
0.00,8
0.00,17
66.30,181
0.00,53
0.00,23
0.00,19
0.00,6
0.00,5
100.00,6
25.00,16
96.55,29
100.00,25
57.14,7
97.73,44
0.00,19
82.37,1350
80.00,15
0.00,8
82.35,17
66.67,186
0.00,53
56.41,39
30.97,155
0.00,97
50.00,24
0.00,14
77.18,149
0.00,5
66.67,6
100.00,13
12.50,64
93.44,61
100.00,4
21.43,28
59.65,57
100.00,4
75.00,8
85.71,14
100.00,6
28.57,7
100.00,23
93.18,44
0.00,2
0.00,19
41.67,12
71.26,87
51.20,502
0.00,2
100.00,21
100.00,1
0.00,2
50.00,8
0.00,2
14.89,900
6.90,29
0.00,2
0.00,11
0.00,12
0.00,8
0.00,613
0.00,11
0.00,14
0.00,25
0.00,2
0.00,23
0.00,10
0.00,32
0.00,619
0.00,2
0.00,50
0.00,9
0.00,23
0.00,2
5.88,187
63.64,1818
50.00,6
40.00,15
67.74,31
0.00,1
78.38,1577
0.00,8
0.00,5
0.00,5
100.00,2
100.00,11
100.00,4
94.44,18
100.00,36
75.00,4
75.00,4
68.75,16
29.03,31
0.00,19
50.00,8
100.00,4
0.00,5
85.99,421
60.68,117
0.00,6
0.00,5
100.00,4
100.00,6
75.00,4
75.00,8
100.00,18
10.53,19
100.00,4
72.71,546
3.57,84
0.00,6
0.00,6
0.00,48
0.00,5
87.50,8
100.00,4
76.92,13
0.00,12
31.82,22
100.00,6
66.67,12
0.00,11
0.00,2
0.00,2
87.37,491
41.18,17
0.00,8
0.00,17
32.32,164
0.00,53
0.00,23
0.00,6
0.00,5
75.00,8
65.00,20
100.00,4
95.45,44
0.00,19
0.85,828
0.00,115
0.00,6
0.00,5
0.00,8
0.00,4
0.00,2
0.00,26
0.00,22
0.00,5
0.00,14
0.00,19
0.00,48
71.62,1226
81.82,88
0.00,6
0.00,48
100.00,5
0.00,5
100.00,6
100.00,6
75.00,4
100.00,11
16.00,25
100.00,2
100.00,19
0.00,3
0.00,6
0.00,2
78.10,242
50.00,4
85.00,20
75.00,8
28.57,7
97.73,44
46.85,111
0.00,8
0.00,5
0.00,48
14.05,3572
0.00,2
80.00,5
50.00,8
0.00,11
0.00,4
0.00,19
0.00,12
9.30,43
70.59,17
0.00,24
0.00,4
56.00,50
0.00,6
0.00,5
0.00,2
3.33,2916
0.00,8
0.00,11
15.38,13
0.00,4
0.00,36
0.00,4
24.14,29
54.55,11
1.14,1485
12.39,113
0.00,14
0.00,5
0.00,4
0.00,6
0.00,16
0.00,48
0.00,2
0.00,14
0.00,2
0.00,470
0.00,12
0.00,4
0.00,33
87.93,58
25.00,8
0.00,56
77.61,2448
100.00,2
86.67,15
100.00,12
38.30,47
0.00,3
91.67,12
0.00,15
0.00,8
0.00,17
0.00,164
0.00,53
0.00,26
21.43,126
0.00,5
0.00,44
0.00,19
75.61,41
0.00,2
55.36,224
100.00,7
100.00,4
0.00,13
0.00,38
0.00,2
89.47,38
80.00,5
37.50,24
0.00,5
0.00,18
0.00,11
0.00,5
1.91,314
0.00,17
0.00,9
0.00,18
0.00,164
0.00,53
0.00,35
23.53,102
17.39,23
0.00,70
0.00,10
0.00,74
0.00,5
100.00,4
0.00,13
0.00,10
0.00,19
0.00,19
54.63,313
79.17,24
56.40,2117
57.50,80
9.88,81
0.00,6
100.00,25
100.00,7
100.00,11
5.41,37
91.67,48
0.00,11
0.00,2
0.00,2
0.00,7
0.00,6
0.00,254
0.00,23
0.00,12
0.00,12
0.00,24
0.00,4
24.08,1437
57.14,7
0.00,6
0.00,5
8.00,25
0.00,4
0.00,12
0.00,37
57.14,42
18.60,43
8.33,48
0.00,107
0.00,14
0.00,61
0.00,541
0.00,2
0.00,2
0.00,4
0.00,20
0.00,6
0.00,484
0.00,27
0.00,14
0.00,19
0.00,44
0.10,2889
7.59,158
0.00,60
0.00,6
0.00,5
0.00,45
0.00,234
0.00,9
0.00,8
0.00,2
0.00,7
0.00,23
0.00,6
0.00,29
0.00,31
0.00,16
0.00,50
0.00,6
0.00,2
0.27,2592
3.57,84
3.59,223
0.00,6
100.00,5
0.00,232
0.00,66
0.00,6
0.00,4
0.00,4
0.00,26
0.00,29
0.00,38
0.00,12
0.00,44
0.00,2
0.00,11
0.00,2
0.00,2
0.00,15
0.00,12
0.00,17
0.00,189
0.00,53
0.00,37
0.00,66
0.00,2
0.00,10
0.00,266
0.00,25
0.00,8
0.00,7
0.00,5
0.00,21
0.00,36
0.00,2
0.00,5
0.00,2
0.00,62
0.00,8
0.00,25
0.00,44
0.00,19
13.86,101
0.00,6
0.00,45
87.87,478
86.67,15
75.00,16
25.00,16
100.00,2
100.00,23
0.00,2
47.06,408
0.00,4
0.00,5
82.19,2964
100.00,23
47.37,19
0.00,3
86.67,15
47.73,88
93.75,32
0.00,11
0.00,45
0.00,11
0.00,20
100.00,5
76.47,85
0.00,41
0.00,8
96.15,26
0.00,6
0.00,5
0.00,5
33.33,15
0.00,17
0.00,8
0.00,23
19.39,165
0.00,53
34.15,123
0.00,2
0.00,19
0.00,8
0.00,15
0.00,17
0.00,164
0.00,53
0.00,23
0.00,15
0.00,58
7.46,67
0.00,13
0.00,8
0.00,9
77.55,686
100.00,4
100.00,4
70.00,10
64.71,34
100.00,14
52.63,19
28.57,7
100.00,19
0.00,11
0.00,19
0.00,8
0.00,2
1.57,508
0.00,17
0.00,8
0.00,17
0.00,164
0.00,53
0.00,23
0.00,6
0.00,6
0.00,45
0.00,5
0.00,26
0.00,19
0.00,19
0.00,19
0.00,15
0.00,77
0.00,91
72.96,1128
0.00,3
57.14,7
100.00,2
0.00,3
33.33,18
0.00,32
40.79,76
100.00,15
38.10,21
100.00,17
77.46,173
0.00,53
68.42,38
88.75,160
0.00,8
42.59,1033
70.94,117
100.00,4
0.00,8
0.00,4
0.00,19
0.00,2
55.77,52
66.67,9
100.00,18
0.00,13
0.00,68
28.95,601
0.00,6
0.00,9
0.00,15
0.00,8
0.00,17
0.00,164
0.00,53
0.00,34
0.00,78
2.59,232
0.00,247
0.00,19
0.00,65
13.78,341
50.00,16
0.00,8
51.29,774
0.00,1
75.00,4
0.00,3
18.18,11
76.47,17
83.33,6
0.00,2
12.50,184
80.00,90
95.38,173
100.00,5
0.00,4
50.00,22
0.00,5
0.00,6
0.00,13
0.00,19
0.00,12
0.00,2
0.00,2
2.61,2183
0.00,25
0.00,13
0.00,17
0.00,254
0.00,53
0.00,23
49.67,153
0.00,10
5.88,187
0.00,26
0.00,9
0.00,37
0.00,93
0.00,4
0.00,2
0.00,8
66.67,12
0.00,23
0.00,30
0.00,46
0.00,19
0.00,2
0.00,15
0.00,8
82.35,17
68.82,186
0.00,53
60.00,40
4.22,166
0.00,9
0.00,4
97.14,35
74.44,446
0.00,2
0.00,19
0.00,5
83.86,347
82.61,92
0.00,16
0.00,10
75.00,84
0.00,5
100.00,13
100.00,2
70.00,10
29.41,34
0.00,3
90.29,443
0.00,10
44.44,9
94.39,107
0.00,5
0.00,2
92.59,27
100.00,6
69.05,42
78.95,19
100.00,5
75.00,8
75.00,4
75.00,4
100.00,38
0.00,2
0.00,2
36.60,3992
55.56,18
0.00,12
82.35,17
76.44,191
0.00,53
69.23,39
8.24,170
22.22,36
0.00,124
0.00,10
0.00,12
62.08,385
0.00,5
19.74,76
0.00,12
100.00,6
81.36,59
0.00,18
98.80,167
100.00,8
40.00,5
77.78,18
100.00,4
0.00,8
48.65,37
88.57,35
0.00,4
97.73,44
0.00,5
0.00,2
0.00,19
0.00,5
3.08,1817
0.00,15
0.00,8
0.00,17
0.00,186
0.00,53
0.00,32
0.00,78
0.00,10
0.00,12
1.97,203
0.00,5
0.00,2
0.00,32
0.00,43
0.00,67
0.00,6
0.00,5
0.00,2
0.00,10
44.44,9
0.00,24
0.00,46
0.00,19
2.13,610
0.99,101
0.00,10
0.00,119
0.00,5
0.00,25
0.00,121
0.00,2
0.00,14
0.00,2
0.00,10
0.00,10
12.99,154
0.00,13
74.44,630
100.00,2
90.00,50
100.00,2
100.00,3
25.00,12
0.00,2
0.00,9
68.94,747
0.00,15
0.00,8
0.00,17
46.34,164
0.00,53
0.00,23
60.20,98
0.00,4
91.72,145
0.00,5
77.78,9
100.00,3
56.52,23
84.00,25
100.00,2
100.00,2
100.00,7
100.00,2
7.69,26
0.00,19
90.09,111
0.00,139
0.00,10
62.50,8
100.00,5
33.33,12
94.67,75
65.82,1782
0.00,2
100.00,5
90.00,30
63.08,65
100.00,2
80.00,5
100.00,13
100.00,4
0.00,2
0.00,9
0.00,15
62.50,8
0.00,17
77.18,149
0.00,16
17.39,184
47.62,21
0.00,94
0.00,25
0.00,10
59.38,389
86.67,15
38.81,67
0.00,2
100.00,4
100.00,2
34.48,58
0.00,9
76.32,76
62.86,70
100.00,2
54.55,11
0.00,11
0.00,11
1.15,347
0.00,11
0.00,18
27.28,1939
55.56,18
0.00,13
82.35,17
75.00,168
0.00,53
73.33,30
11.90,84
0.00,19
0.00,99
0.00,10
0.00,12
23.51,302
0.00,5
0.00,6
27.27,44
14.29,28
0.00,171
0.00,2
0.00,2
0.00,11
0.00,2
40.00,20
0.00,29
0.00,12
0.00,2
0.00,2
0.00,19
0.00,4
0.00,2
2.14,327
0.00,15
0.00,8
0.00,17
26.88,186
0.00,53
0.00,32
0.00,127
0.00,10
100.00,9
0.00,40
0.00,5
0.00,15
0.00,75
0.00,19
0.00,2
0.00,5
0.00,2
0.00,19
61.24,5271
29.17,24
80.00,25
0.00,17
50.00,236
0.00,53
0.00,23
26.56,256
52.54,118
0.00,149
0.00,10
0.00,12
0.00,48
0.00,42
0.00,157
0.00,5
0.00,27
0.00,12
100.00,4
0.00,15
0.00,4
84.62,13
0.00,45
100.00,4
76.92,26
0.00,3
0.00,14
86.67,15
0.00,2
68.26,1106
0.00,15
0.00,9
77.78,18
75.61,164
0.00,53
65.71,35
59.84,122
0.00,10
100.00,5
80.68,207
0.00,5
0.00,4
13.11,61
90.32,31
100.00,2
44.12,136
0.00,2
100.00,6
100.00,5
50.00,4
85.00,20
71.43,14
100.00,27
0.00,2
0.00,19
46.43,28
0.00,8
82.35,17
32.32,164
0.00,53
52.94,34
5.92,169
0.00,11
0.00,10
0.00,12
44.62,511
63.85,2620
100.00,12
61.22,49
0.00,11
0.00,13
0.00,31
83.78,74
100.00,2
100.00,5
100.00,7
100.00,4
90.00,20
41.94,31
63.89,36
0.00,2
0.00,2
0.00,19
83.33,6
74.80,1143
55.56,18
0.00,8
0.00,17
63.05,203
0.00,53
0.00,23
80.16,126
0.00,10
79.73,148
0.00,5
0.00,1
54.17,24
95.26,211
100.00,8
100.00,7
85.71,14
100.00,4
75.00,8
100.00,8
75.00,32
87.50,40
94.00,50
0.00,19
0.00,51
62.50,8
65.94,138
100.00,4
79.85,804
81.67,120
0.00,10
100.00,5
68.29,123
0.00,5
100.00,19
15.07,73
80.00,5
90.48,21
89.16,83
100.00,2
0.00,5
100.00,2
100.00,8
80.00,5
100.00,19
43.43,99
0.00,2
0.00,15
0.00,8
0.00,17
0.00,186
0.00,53
0.00,34
0.00,10
0.00,5
0.00,14
0.00,204
0.21,1407
0.00,17
0.00,9
0.00,12
0.00,11
0.00,19
89.26,121
0.00,10
92.16,51
0.00,5
100.00,13
100.00,5
83.33,12
48.39,622
5.59,143
74.32,74
34.78,23
0.00,4
88.51,87
0.00,5
100.00,13
100.00,2
100.00,5
70.00,10
56.52,46
0.00,9
10.89,101
0.00,10
64.08,142
86.56,424
100.00,2
68.75,16
92.59,27
100.00,4
85.33,150
100.00,2
100.00,2
100.00,2
100.00,8
100.00,27
66.67,12
0.00,2
0.95,1375
0.00,18
0.00,8
0.00,17
0.00,203
0.00,53
0.00,23
13.16,76
46.49,114
0.00,15
0.00,10
0.00,229
0.00,5
0.00,1
0.00,6
0.00,9
0.00,19
0.00,76
0.00,56
0.00,9
0.00,217
0.00,2
0.00,10
0.00,16
0.00,4
0.00,8
0.00,10
0.00,2
0.00,2
0.00,19
69.86,73
0.00,4
0.00,23
97.04,169
85.71,14
97.44,39
100.00,2
100.00,5
100.00,2
100.00,43
100.00,2
87.50,8
87.66,1005
18.13,160
80.28,142
0.00,9
0.00,10
0.00,5
87.10,93
0.00,5
0.00,1
100.00,2
85.00,20
6.56,61
82.39,142
100.00,2
100.00,2
35.71,14
100.00,4
100.00,2
100.00,2
0.00,2
0.00,4
0.00,15
0.00,8
0.00,17
0.00,164
0.00,53
0.00,23
14.07,135
0.00,35
0.00,11
0.00,8
0.00,9
2.45,2119
0.00,2
0.00,11
0.00,9
0.00,2
0.00,19
0.00,4
0.00,11
3.72,242
0.00,8
0.00,2
0.00,5
0.00,18
0.00,22
0.00,4
0.00,5
0.00,16
0.00,2
33.33,24
69.23,13
0.00,17
46.86,239
0.00,53
0.00,23
12.96,108
65.63,96
0.00,10
70.10,97
0.00,57
83.80,1241
66.67,6
62.50,8
100.00,7
80.49,41
19.05,63
92.00,25
100.00,2
100.00,12
57.14,14
100.00,2
93.18,44
0.00,2
0.00,19
0.00,5
0.00,2
85.56,2361
11.43,70
0.00,28
0.00,13
83.33,18
83.54,164
0.00,53
62.86,35
6.45,155
64.35,115
59.46,37
0.00,9
0.00,10
87.11,194
0.00,5
78.13,32
0.00,25
87.50,176
100.00,2
100.00,5
43.75,16
100.00,4
86.67,15
84.00,25
97.73,44
0.00,11
0.00,19
0.00,9
0.00,2
71.83,71
13.08,107
0.00,26
81.56,423
100.00,2
37.50,8
100.00,17
0.00,5
1.88,160
51.72,29
47.66,107
0.00,10
100.00,5
91.96,112
87.20,1141
100.00,2
0.00,21
100.00,2
100.00,2
75.00,8
80.00,10
100.00,10
0.00,4
79.30,1208
0.00,17
0.00,8
0.00,17
0.00,166
0.00,53
0.00,23
52.94,357
19.05,21
0.00,10
0.00,5
93.18,220
0.00,5
100.00,7
100.00,5
94.12,34
75.64,156
0.00,2
35.71,14
100.00,2
76.19,21
100.00,21
0.00,2
0.00,2
0.00,19
0.00,9
52.94,17
0.00,8
0.00,17
46.81,188
0.00,53
0.00,23
28.16,103
0.00,10
100.00,4
84.88,86
85.90,766
75.00,32
92.59,27
95.31,64
100.00,4
100.00,11
100.00,23
87.76,49
0.00,19
80.97,226
0.00,10
0.00,5
88.39,112
0.00,5
100.00,4
100.00,5
86.67,15
91.84,49
0.00,2
100.00,8
0.00,2
84.63,670
0.00,97
0.00,10
76.00,200
0.00,5
8.57,70
92.59,27
83.25,191
100.00,2
100.00,3
85.71,14
100.00,2
80.00,20
90.00,20
100.00,27
66.67,12
97.73,44
0.00,2
89.29,775
46.67,15
0.00,8
0.00,17
69.05,168
0.00,53
0.00,23
70.10,97
60.00,10
0.00,5
87.85,181
0.00,5
100.00,17
90.48,21
0.00,3
80.95,63
100.00,2
100.00,9
100.00,2
80.00,10
100.00,25
0.00,46
0.00,19
86.15,130
0.00,10
80.37,107
0.00,5
0.00,1
100.00,16
73.39,124
100.00,2
77.78,9
100.00,4
70.00,10
0.00,2
87.53,1195
0.00,83
50.00,22
13.45,119
0.00,10
84.14,309
0.00,5
100.00,19
87.08,178
100.00,2
100.00,5
43.75,16
100.00,2
84.62,13
0.00,15
83.33,6
52.79,716
0.00,15
47.06,17
83.33,18
70.21,188
0.00,53
61.11,36
2.99,67
47.75,111
40.00,15
0.00,10
75.14,185
0.00,5
88.89,9
100.00,4
86.67,15
61.16,224
100.00,2
100.00,2
31.25,16
100.00,4
75.00,8
20.00,10
0.00,19
89.13,46
0.00,2
0.00,19
0.00,4
0.00,2
87.21,305
0.00,10
0.00,5
0.00,5
92.96,71
0.00,5
75.00,32
100.00,9
100.00,5
100.00,12
0.00,91
0.00,4
92.41,79
67.06,586
0.00,61
100.00,15
86.67,15
0.00,3
87.72,57
100.00,8
100.00,3
100.00,2
75.00,8
100.00,8
100.00,8
100.00,19
75.00,16
97.92,48
0.00,2
0.00,2
82.61,138
0.00,88
0.00,4
37.04,27
0.00,5
6.25,64
100.00,13
100.00,25
0.00,2
82.89,228
0.00,88
0.00,9
11.76,68
100.00,13
100.00,4
0.00,2
93.12,1018
52.94,17
0.00,8
82.35,17
75.61,164
0.00,53
84.62,26
80.92,131
0.00,38
0.00,10
82.66,173
0.00,5
0.00,2
0.00,1
16.67,66
80.00,5
90.48,21
77.95,127
100.00,2
100.00,4
100.00,5
100.00,2
85.00,20
66.67,6
100.00,23
66.67,12
97.80,91
0.00,2
0.00,19
81.59,630
14.13,92
44.44,18
24.00,125
0.00,4
99.05,105
0.00,5
66.67,6
19.12,68
90.48,21
0.00,3
100.00,3
100.00,5
100.00,2
80.00,10
100.00,4
0.00,2
0.00,2
0.00,2
0.00,4
61.90,21
0.00,8
82.35,17
76.92,208
0.00,53
87.10,31
75.97,129
13.33,180
40.74,27
0.00,10
100.00,5
80.95,147
82.38,3355
0.00,8
3.17,63
100.00,2
80.00,5
92.86,42
0.00,9
100.00,4
90.48,42
34.01,147
100.00,2
35.71,14
100.00,4
50.00,32
100.00,17
100.00,2
100.00,19
100.00,8
76.77,99
0.00,2
0.00,19
56.00,25
0.00,102
0.00,11
0.00,55
0.00,10
69.98,603
37.65,85
75.00,4
54.76,42
30.59,170
25.00,8
100.00,10
35.71,14
50.00,4
0.00,8
75.00,4
61.73,81
100.00,8
100.00,27
100.00,4
93.48,46
0.00,2
0.00,15
41.67,12
82.35,17
74.39,164
0.00,53
84.62,26
67.46,126
20.00,315
22.58,31
0.00,10
0.00,12
100.00,5
67.95,156
90.84,1878
66.67,6
100.00,5
0.00,67
86.67,15
63.16,57
100.00,2
100.00,25
0.00,2
0.00,19
55.56,9
100.00,5
0.85,705
1.04,96
0.00,10
0.00,2
0.00,34
0.00,5
0.00,6
0.00,5
0.00,2
0.00,68
0.00,18
0.00,4
0.00,14
0.00,2
0.00,2
0.00,2
92.31,351
0.00,88
0.00,10
85.83,120
0.00,5
90.48,21
6.56,61
85.07,67
100.00,5
100.00,4
100.00,8
100.00,29
0.00,2
60.20,1563
0.00,171
9.30,86
3.70,81
0.00,10
0.00,5
73.79,248
0.00,5
94.12,34
0.00,4
59.82,224
100.00,2
100.00,9
35.71,14
50.00,4
44.44,18
44.44,9
0.00,11
0.00,2
0.00,3
38.10,21
0.00,2
80.91,309
61.31,168
7.69,91
71.43,14
0.00,10
100.00,6
0.00,5
86.67,15
92.86,56
100.00,2
0.00,2
50.94,53
100.00,2
0.00,4
0.00,52
80.00,5
67.50,120
0.00,10
72.11,527
59.79,194
100.00,2
50.00,18
50.00,4
75.00,8
74.04,104
100.00,2
87.13,171
0.00,10
0.00,5
88.18,110
0.00,5
84.62,13
100.00,6
92.00,150
100.00,2
85.71,14
100.00,2
100.00,8
100.00,15
89.13,46
0.00,2
85.00,960
55.56,18
0.00,8
0.00,17
65.06,166
0.00,53
0.00,23
23.97,121
8.00,100
0.00,10
100.00,5
0.00,12
94.40,125
0.00,5
0.00,3
73.68,57
0.00,4
100.00,34
100.00,2
100.00,8
100.00,2
100.00,13
0.00,4
100.00,29
0.00,19
0.00,5
84.03,144
0.00,10
0.00,30
78.13,96
0.00,5
71.43,7
91.97,137
100.00,2
100.00,2
85.71,14
100.00,4
40.00,5
100.00,23
84.50,2064
9.52,84
75.00,20
0.00,8
0.00,17
75.30,166
0.00,53
0.00,23
73.08,182
0.00,52
0.00,10
83.91,230
0.00,5
100.00,28
62.50,8
93.33,30
50.00,8
0.00,3
91.21,91
100.00,2
100.00,6
100.00,7
100.00,4
0.00,2
100.00,11
31.25,16
100.00,27
75.00,16
90.20,102
0.00,11
0.00,22
0.00,5
0.00,2
13.59,103
0.00,10
87.93,174
86.05,602
100.00,5
86.67,15
88.57,105
100.00,2
0.00,2
100.00,7
100.00,2
47.62,21
0.00,4
100.00,19
75.00,16
0.00,2
0.00,2
75.34,2474
11.43,70
29.17,24
0.00,8
82.35,17
75.30,166
0.00,53
84.62,26
13.30,218
0.00,13
81.08,148
0.00,10
0.00,5
71.61,236
0.00,5
0.00,3
80.00,5
91.89,37
81.48,216
100.00,2
33.33,6
35.71,14
100.00,2
54.55,22
100.00,6
100.00,4
86.11,36
81.25,32
0.00,11
0.00,19
0.00,3
0.00,21
0.00,2
75.00,20
0.00,8
0.00,17
77.40,208
0.00,53
0.00,23
0.50,199
64.53,203
44.12,34
11.43,70
0.00,10
100.00,4
0.00,5
86.41,206
88.20,2279
12.50,8
86.67,15
100.00,19
0.00,3
94.39,107
100.00,2
100.00,3
100.00,4
100.00,5
100.00,19
0.00,11
0.00,22
0.00,9
0.00,2
20.00,15
0.00,8
0.00,17
5.30,151
0.00,16
0.00,25
24.19,62
0.00,10
40.63,32
100.00,2
89.81,108
76.74,387
0.00,2
14.29,7
100.00,3
100.00,4
93.95,215
0.00,10
0.00,5
84.07,113
0.00,5
0.00,3
100.00,32
86.93,199
100.00,8
77.78,9
100.00,4
100.00,8
100.00,19
93.18,44
66.69,1216
13.10,84
0.00,15
0.00,8
82.35,17
46.95,164
0.00,53
61.76,34
60.16,128
0.00,10
80.25,162
0.00,5
100.00,2
86.67,15
0.00,3
100.00,9
0.00,2
100.00,5
88.89,18
40.00,20
0.00,11
0.00,19
0.00,2
67.67,3310
11.43,70
83.33,18
0.00,8
82.35,17
68.28,186
0.00,53
85.71,35
0.00,37
92.05,176
0.00,10
63.43,175
0.00,9
86.67,15
0.00,61
85.12,121
100.00,2
0.00,9
100.00,2
75.00,8
88.89,18
100.00,10
73.33,15
75.00,16
93.48,46
0.00,11
0.00,19
0.00,2
66.67,15
0.00,8
0.00,17
68.51,181
0.00,53
0.00,23
80.00,95
0.00,10
78.40,162
84.17,695
100.00,5
91.49,47
73.53,136
75.00,8
0.00,5
100.00,4
75.00,8
100.00,8
100.00,19
100.00,44
0.00,19
0.00,10
0.00,5
85.87,92
80.95,252
100.00,7
100.00,13
87.91,91
0.00,8
100.00,2
80.00,10
89.13,46
0.00,2
0.00,15
0.00,8
0.00,17
75.61,164
0.00,53
0.00,23
26.45,121
0.00,4
100.00,12
98.55,69
95.00,220
80.00,5
0.00,2
70.21,47
100.00,2
100.00,8
100.00,19
0.00,19
0.00,15
0.00,8
0.00,17
0.00,164
0.00,53
0.00,23
52.73,110
0.00,10
0.00,9
0.00,5
79.08,153
81.70,388
0.00,2
100.00,2
54.76,42
75.45,110
0.00,2
100.00,2
88.89,18
86.21,29
0.00,19
60.00,20
0.00,8
0.00,17
67.96,181
0.00,53
0.00,23
67.54,114
0.00,10
96.43,56
90.17,834
14.93,67
90.48,21
84.00,25
100.00,2
100.00,8
100.00,32
97.73,44
0.00,2
0.00,19
96.41,167
0.00,15
0.00,9
83.33,18
49.39,164
0.00,53
57.14,35
9.30,86
0.00,4
100.00,48
0.00,5
100.00,18
96.00,25
100.00,2
100.00,2
100.00,19
0.00,19
7.65,1006
33.33,15
0.00,8
0.00,17
20.12,164
0.00,53
0.00,23
4.13,121
0.00,19
10.58,104
0.00,10
25.00,12
33.06,121
0.00,5
61.90,21
50.00,54
0.00,8
100.00,2
75.00,8
0.00,12
14.81,27
0.00,4
0.00,19
0.00,5
60.86,557
0.00,76
0.00,10
71.32,136
0.00,5
86.67,15
0.00,80
0.00,2
50.00,4
85.00,20
100.00,2
100.00,19
66.67,12
0.00,2
0.00,15
0.00,8
0.00,17
0.00,164
0.00,53
0.00,34
2.53,79
0.00,150
0.00,3
0.00,2
0.00,19
0.00,62
0.00,8
0.00,493
0.00,3
0.00,4
0.00,30
0.00,11
0.00,6
0.00,6
0.00,16
0.00,453
0.00,3
0.00,9
0.00,36
0.00,2
0.00,6
0.00,2
0.00,6
89.87,543
5.97,201
0.00,15
0.00,125
0.00,4
100.00,50
0.00,5
100.00,6
90.48,21
0.00,3
100.00,4
100.00,5
100.00,2
100.00,6
100.00,4
100.00,33
0.00,2
0.00,9
94.62,446
0.00,10
0.00,16
95.08,122
0.00,5
100.00,6
93.10,29
0.00,3
100.00,8
100.00,5
100.00,2
86.67,15
100.00,29
0.00,2
55.56,18
0.00,8
0.00,17
42.08,183
0.00,53
0.00,23
16.23,154
66.45,152
37.93,29
0.00,10
100.00,5
65.03,143
71.85,2448
65.63,64
100.00,5
80.00,5
100.00,5
100.00,2
44.44,9
0.00,8
81.97,61
0.00,2
100.00,8
100.00,2
100.00,7
0.00,19
29.41,17
78.26,897
0.00,65
0.00,39
0.00,10
67.68,99
0.00,5
100.00,13
0.00,4
100.00,2
100.00,5
100.00,3
45.45,11
15.03,153
28.57,161
0.00,13
0.00,10
62.81,242
71.30,3031
0.00,9
0.00,4
74.58,59
100.00,8
85.71,7
66.67,42
0.00,6
68.72,227
100.00,2
100.00,4
31.25,16
100.00,4
100.00,2
52.38,21
100.00,2
0.00,2
62.50,16
0.00,11
0.00,77
6.80,103
0.00,10
81.26,811
85.71,7
87.50,8
100.00,5
90.48,21
84.03,144
100.00,2
33.33,6
50.00,14
100.00,4
100.00,2
46.25,80
100.00,11
75.00,4
100.00,41
0.00,2
83.33,6
51.49,336
0.00,18
0.00,8
0.00,17
0.00,190
0.00,53
0.00,23
0.00,88
20.00,10
60.00,90
0.00,9
0.00,2
9.38,64
100.00,19
0.00,18
63.89,144
0.00,2
35.71,14
100.00,2
100.00,2
0.00,6
100.00,6
0.00,2
0.00,2
0.00,19
7.56,119
0.00,20
6.25,112
0.00,10
66.94,124
72.39,1659
100.00,2
60.87,23
100.00,18
0.00,4
81.82,22
100.00,6
100.00,3
29.41,17
78.40,213
20.00,10
0.00,5
76.76,185
82.46,1659
73.85,65
100.00,15
0.00,4
87.76,147
100.00,2
100.00,2
0.00,9
100.00,4
100.00,2
100.00,3
66.67,12
83.33,6
55.00,160
10.53,19
7.69,117
80.00,10
0.00,2
82.82,227
62.79,4281
50.00,4
100.00,51
80.00,5
100.00,23
100.00,2
30.77,13
0.00,4
61.54,234
100.00,2
100.00,7
50.00,14
100.00,4
76.92,13
0.00,3
36.84,19
83.41,4715
43.61,415
21.95,41
61.54,104
0.00,10
100.00,5
87.92,265
0.00,5
0.00,2
100.00,5
100.00,7
11.43,70
80.00,5
93.75,32
0.00,4
93.90,213
100.00,2
50.00,4
35.71,14
100.00,4
90.48,21
100.00,27
75.00,16
93.48,46
0.00,2
0.00,2
33.33,9
6.01,316
3.66,82
0.00,4
0.00,123
0.00,5
0.00,21
0.00,3
0.00,2
0.00,5
0.00,10
0.00,27
0.00,26
0.81,988
0.00,22
0.00,13
0.00,17
0.00,232
0.00,53
0.00,23
0.00,29
12.12,99
0.00,54
0.00,10
0.00,136
0.00,67
0.00,5
0.00,6
0.00,26
0.00,13
0.00,2
0.00,5
0.00,10
0.00,24
0.00,2
0.00,2
0.00,19
0.00,3
0.00,6
0.00,2
0.00,18
0.00,8
0.00,17
0.00,168
0.00,53
0.00,23
0.00,6
15.79,285
0.00,4
0.00,11
0.00,17
0.00,44
0.00,19
0.00,28
0.00,8
0.00,17
0.00,164
0.00,53
0.00,26
0.00,74
0.00,10
0.00,12
0.00,121
2.39,964
0.00,2
0.00,15
0.00,51
0.00,20
0.00,25
0.00,2
0.00,9
0.00,5
0.00,10
0.00,5
0.00,26
0.00,19
0.00,6
28.00,25
47.37,19
0.00,17
45.63,252
0.00,53
0.00,23
0.00,175
32.47,154
32.00,25
0.00,14
0.00,9
0.00,49
0.00,204
63.84,2934
0.00,3
100.00,2
0.00,68
100.00,4
69.23,13
0.00,24
37.50,16
0.00,19
0.00,3
33.33,15
0.00,2
0.00,15
41.67,12
0.00,17
4.27,164
0.00,53
0.00,23
0.00,8
0.00,22
25.00,12
66.67,369
0.00,100
75.00,8
75.00,4
0.00,19
0.34,4431
3.70,81
0.00,144
0.00,8
26.67,15
82.35,17
58.74,206
0.00,53
37.50,40
0.00,125
0.00,5
0.00,6
0.00,54
0.00,5
0.00,7
0.00,4
0.00,2
0.00,8
0.00,15
0.00,32
0.00,24
0.00,3
0.00,29
0.00,23
0.00,16
0.00,11
0.00,19
0.00,2
20.00,55
10.81,111
28.21,39
0.00,8
29.41,17
26.88,186
29.41,17
0.00,2
0.00,19
2.38,252
0.00,15
0.00,8
0.00,17
0.00,156
0.00,53
0.00,23
0.00,95
0.00,10
0.00,69
0.00,5
0.00,12
0.00,162
0.00,2
0.00,4
0.00,14
0.00,2
0.00,19
3.53,170
0.00,6
0.00,5
0.00,2
0.00,17
12.16,255
90.51,927
85.71,21
0.00,79
18.75,48
0.00,9
