60.00,10
16.03,312
0.00,20
37.50,16
64.29,28
83.33,72
42.86,14
100.00,6
100.00,22
0.00,44
85.91,1604
100.00,24
100.00,10
100.00,4
100.00,12
0.00,4
100.00,4
28.57,28
0.00,8
0.00,10
29.66,236
100.00,4
0.74,811
0.00,14
16.67,12
6.02,498
0.00,20
0.00,12
0.00,46
0.00,10
0.00,2
0.00,48
0.00,4
0.00,48
0.00,2
0.00,16
0.00,64
0.00,6
0.00,14
0.00,22
0.00,2
0.00,10
0.00,6
27.73,238
0.00,20
0.00,8
95.83,48
60.45,268
100.00,2
100.00,2
0.00,436
0.00,2
0.00,4
0.00,14
0.00,520
0.00,32
0.00,418
0.00,6
0.00,84
0.00,50
0.00,6
0.00,16
0.00,4
0.00,12
0.00,14
0.00,2
55.47,1015
0.00,106
0.00,8
0.00,100
0.00,74
0.00,8
0.00,6
0.00,4
0.00,2
50.00,4
100.00,4
20.00,40
0.00,16
82.50,640
28.57,14
18.62,376
0.00,14
0.80,498
0.00,40
0.00,54
0.00,2
0.00,22
0.00,4
0.00,6
0.00,8
0.00,10
0.00,4
0.00,2
0.00,8
0.00,14
17.24,58
5.26,38
0.00,20
0.00,2
17.96,3942
0.00,42
0.00,2
100.00,2
0.00,2
71.43,14
0.00,6
16.67,12
0.00,2
0.00,22
0.00,568
0.00,2
0.00,2
0.00,4
0.00,14
83.33,36
54.55,44
100.00,4
0.00,4
0.00,22
44.09,2638
0.00,6
71.43,14
16.67,12
0.00,4
0.00,4
0.00,100
0.00,6
0.00,2
0.00,10
62.79,86
82.08,424
100.00,2
100.00,4
100.00,4
100.00,44
25.00,8
0.00,4
75.81,248
0.00,12
50.00,4
82.30,1864
0.00,10
0.00,2
0.00,22
0.00,4
100.00,2
100.00,4
100.00,2
16.67,12
0.00,4
100.00,8
100.00,14
45.56,2897
0.00,16
48.18,660
0.00,20
42.86,28
25.27,182
85.71,14
100.00,2
83.87,62
0.00,4
0.00,12
100.00,2
100.00,6
100.00,4
100.00,10
31.25,128
0.00,8
100.00,4
100.00,2
66.67,18
50.00,8
100.00,4
50.00,8
100.00,14
50.00,12
40.30,268
0.00,20
0.00,8
8.33,24
0.00,22
50.87,346
100.00,4
0.00,2
70.59,34
68.26,460
100.00,2
0.00,4
100.00,4
0.00,36
0.00,2
70.65,184
100.00,4
100.00,2
66.67,18
44.39,374
0.00,20
0.00,8
66.67,6
55.88,136
0.00,2
100.00,2
56.10,656
100.00,42
100.00,2
100.00,6
0.00,2
3.64,110
89.75,488
9.52,42
0.00,4
100.00,2
100.00,14
49.32,2194
51.61,62
100.00,2
75.00,8
0.00,4
100.00,2
0.00,14
100.00,8
72.19,151
0.00,6
0.00,180
0.00,20
0.00,8
0.00,10
33.33,6
0.00,4
0.00,4
100.00,2
71.43,14
0.00,6
5.71,140
0.00,2
41.18,34
0.00,10
0.00,4
0.00,2
62.79,344
5.00,40
0.00,14
100.00,6
41.67,24
36.08,510
0.00,20
0.00,8
57.89,38
0.00,6
100.00,2
37.50,32
0.00,12
36.21,1624
0.00,4
100.00,6
57.38,122
100.00,2
80.00,20
100.00,10
0.00,8
8.62,232
0.00,20
0.00,8
35.29,68
0.00,4
0.00,2
0.00,18
45.53,1041
100.00,2
0.00,2
100.00,2
59.46,74
0.00,6
0.00,4
100.00,4
0.00,2
0.00,22
66.67,6
0.00,58
0.00,2
0.00,2
43.38,597
50.00,44
84.27,8270
76.19,42
0.00,6
0.00,2
0.00,66
0.00,4
100.00,2
100.00,6
100.00,4
8.70,23
100.00,12
83.33,12
86.13,238
0.00,2
0.00,22
0.00,4
0.00,10
0.83,242
0.00,34
0.00,2
0.00,4
0.00,8
0.00,10
0.00,2
0.00,4
100.00,12
0.00,10
37.61,694
0.00,8
0.00,250
0.00,20
0.00,8
0.00,24
0.00,2
0.00,38
11.19,268
0.00,168
50.00,4
0.00,4
0.00,4
100.00,2
0.00,2
100.00,52
100.00,2
100.00,4
94.02,702
0.00,32
0.00,2
0.00,4
0.00,10
100.00,4
80.97,3416
0.00,6
18.40,250
0.00,20
0.00,8
0.00,2
0.00,2
0.00,44
100.00,2
0.00,4
100.00,2
60.00,10
100.00,4
18.18,22
100.00,12
100.00,6
100.00,4
73.91,1058
9.09,22
0.00,6
38.93,298
0.00,20
0.00,8
100.00,10
100.00,4
0.00,2
0.00,24
0.00,6
0.00,4
0.00,28
0.00,2
0.00,2
0.00,4
0.00,140
0.00,2
0.00,10
0.00,8
0.00,74
0.00,2
0.00,4
5.56,36
43.75,32
0.00,4
0.00,40
100.00,12
0.00,2
0.00,2
0.00,2
0.00,26
0.00,1444
0.00,4
100.00,2
57.54,570
0.00,32
0.00,2
0.00,4
100.00,6
100.00,4
0.00,12
100.00,6
0.00,2
0.00,22
0.00,373
0.00,6
0.00,2
0.00,10
0.00,8
0.00,14
70.08,488
10.53,38
0.00,2
0.00,4
100.00,4
100.00,2
100.00,14
0.00,91
0.00,22
0.00,2
0.00,2
0.00,22
72.90,1203
100.00,18
100.00,6
100.00,14
0.00,2
65.79,76
0.00,22
0.00,2
76.84,1347
100.00,2
100.00,6
100.00,14
0.00,2
25.81,62
0.00,4
32.20,295
0.00,92
0.00,2
0.65,306
0.00,4
43.15,489
0.00,2
0.00,2
0.00,6
24.80,250
0.00,20
33.33,12
3.57,56
92.70,356
100.00,4
100.00,2
100.00,2
100.00,14
0.00,2
94.44,72
100.00,2
3.28,305
0.00,6
0.00,4
0.00,431
0.00,2
80.66,1158
0.00,22
0.00,6
31.34,268
0.00,20
0.00,10
76.47,34
0.00,2
0.00,22
0.00,4
100.00,2
90.91,22
100.00,2
100.00,2
100.00,8
100.00,14
0.00,2
17.39,322
0.00,2
0.00,14
0.00,294
0.00,20
0.00,14
0.00,36
0.00,12
0.74,269
47.34,978
42.86,14
33.60,250
0.00,20
0.00,8
69.62,158
33.33,6
0.00,44
0.00,4
0.00,12
2.08,96
0.00,2088
0.00,20
31.03,58
0.00,20
0.00,8
3.76,426
0.00,6
100.00,44
0.00,6
0.00,804
0.34,11314
0.00,16
60.00,5
0.00,6
100.00,2
25.00,8
0.00,143
0.00,32
0.00,4
0.00,2
0.00,4
84.62,26
24.11,846
0.00,20
0.00,8
0.00,18
33.33,6
50.00,4
0.00,22
0.00,60
75.61,2124
0.00,2
0.00,4
100.00,4
0.00,6
0.00,2
0.00,2
96.36,110
8.33,24
0.00,2
8.04,871
8.33,24
1.77,566
0.00,20
0.00,18
19.05,168
0.00,4
0.00,28
0.00,4
0.00,2
0.00,10
0.00,4
0.00,4
33.33,6
44.54,723
23.53,17
50.00,4
29.17,48
76.92,13
65.40,2399
0.00,2
100.00,14
85.71,14
19.23,52
88.57,35
0.00,26
0.00,2
50.00,12
57.15,6019
100.00,10
0.00,2
66.67,6
23.53,17
0.00,6
25.00,8
70.00,60
57.20,1313
9.09,44
0.00,4
100.00,4
33.33,6
0.00,22
0.00,4
100.00,2
100.00,4
0.00,4
50.00,4
100.00,2
0.00,10
0.00,8
1.08,557
0.00,6
0.00,18
0.00,2
13.64,44
11.07,750
0.00,6
0.00,6
0.00,2
44.92,374
82.61,46
0.00,26
100.00,4
70.33,8514
80.00,10
100.00,6
100.00,8
0.00,6
0.00,14
85.71,14
59.33,2245
0.00,2
44.44,36
17.86,616
0.00,20
0.00,8
24.24,132
0.00,4
0.00,2
0.00,22
0.00,134
0.00,4
100.00,2
0.00,6
0.00,2
28.57,14
0.00,4
100.00,8
0.00,14
85.74,645
19.05,42
0.00,2
0.00,44
0.00,4
100.00,2
0.00,6
100.00,6
10.00,20
49.73,3135
44.68,94
0.00,20
50.00,44
100.00,40
100.00,44
84.80,1105
0.00,6
29.91,234
0.00,20
0.00,8
74.42,86
0.00,2
0.00,4
75.00,8
16.67,12
100.00,12
100.00,2
100.00,8
100.00,14
0.00,196
0.00,22
100.00,6
42.50,19714
100.00,4
80.00,10
0.00,6
0.00,4
19.57,184
20.00,40
0.00,20
0.00,16
12.15,576
0.00,26
0.00,2
0.00,4
0.00,4
58.97,78
29.28,362
0.00,2
0.00,4
100.00,8
0.00,8
0.00,6
0.00,262
0.00,20
0.00,10
50.00,4
84.40,436
100.00,40
100.00,2
38.46,104
12.50,32
20.00,10
0.00,6
50.00,68
44.00,3416
0.00,6
0.00,2
100.00,8
0.00,6
0.00,4
0.00,8
55.56,18
100.00,6
57.14,28
66.67,12
0.00,6
50.00,8
0.00,56
13.33,30
100.00,16
60.00,10
0.00,4
84.21,76
35.45,1168
100.00,4
0.00,4
100.00,2
71.43,14
0.00,14
0.00,4
0.00,8
0.00,2
89.22,167
50.00,4
0.00,4
75.00,32
100.00,2
75.00,24
100.00,2
90.91,22
100.00,4
0.00,4
68.35,158
76.47,34
40.00,10
0.00,4
100.00,4
71.43,14
0.00,2
9.09,198
0.00,22
0.00,2
0.00,4
60.00,10
42.08,36986
74.47,376
0.00,8
80.00,10
100.00,18
100.00,6
100.00,6
0.00,6
33.33,6
0.00,6
0.00,6
0.00,2
0.00,832
0.00,6
0.00,6
0.00,2
0.00,34
0.00,4
0.00,6
0.00,14
56.63,249
0.00,6
36.51,252
0.00,20
42.86,14
48.28,58
12.50,16
0.00,10
0.00,4
93.75,64
75.00,8
100.00,2
50.00,24
0.00,2
73.33,180
0.00,8
0.00,2
80.00,20
0.00,4
0.00,18
85.71,56
25.00,8
100.00,4
75.00,8
0.00,73
0.00,4
0.00,4
0.00,8
94.34,212
0.00,42
0.00,2
100.00,12
0.00,4
75.00,8
42.86,14
0.00,42
50.00,4
2.37,1308
0.00,32
0.00,6
14.29,14
0.00,4
0.00,2
71.43,14
0.00,4
85.87,368
0.00,8
29.93,274
0.00,20
33.33,12
0.00,18
61.04,154
0.00,2
100.00,20
0.00,4
100.00,6
0.00,2
75.70,1247
0.00,10
37.84,444
0.00,20
5.00,80
25.00,16
12.50,16
45.45,66
0.00,2
84.62,26
0.00,4
0.00,2
100.00,8
100.00,10
66.67,6
100.00,2
100.00,6
0.00,4
3.52,227
0.00,34
0.00,2
0.00,16
0.00,4
0.00,4
0.00,2
0.00,2
0.00,74
0.00,8
0.00,6
0.00,10
0.00,2
0.00,18
0.00,64
0.00,2
0.00,4
0.00,2
33.33,6
0.00,2
88.89,18
58.09,439
100.00,2
100.00,8
100.00,2
0.00,10
0.00,432
0.00,20
0.00,12
20.29,138
54.17,48
42.86,14
0.00,2
0.00,2
23.53,34
32.48,5776
50.00,4
0.00,6
0.00,6
20.00,10
33.33,12
0.00,4
100.00,6
100.00,4
100.00,2
95.00,40
0.00,2
83.33,12
60.90,133
100.00,8
0.00,22
0.00,8
0.00,336
0.00,20
0.00,8
0.00,26
0.00,6
0.00,594
0.00,4
0.00,30
86.67,120
100.00,14
0.00,4
0.00,54
0.00,2
0.00,8
0.00,48
7.50,80
0.00,14
0.00,4
0.00,10
0.00,2
0.00,2
0.65,927
0.00,8
0.00,314
0.00,14
0.00,4
0.00,66
0.00,10
0.00,2
0.00,182
0.00,6
0.00,12
0.00,24
0.00,26
0.00,40
0.00,2
0.00,2
0.00,46
0.00,4
0.00,14
0.00,4
0.00,2
0.00,4
0.00,54
0.00,138
0.00,50
0.52,773
0.74,272
0.00,6
0.00,20
0.00,2
0.00,14
0.00,42
0.00,2
0.00,62
0.00,8
0.00,10
0.00,2
0.00,14
0.00,10
0.00,28
0.00,234
0.00,16
0.00,4
0.00,2
0.00,512
0.00,156
0.00,2
0.00,7131
0.00,6
0.00,378
0.00,20
0.00,8
18.37,196
0.00,4
31.43,3128
100.00,6
100.00,2
0.00,6
16.67,12
0.00,10
0.00,14
100.00,10
28.57,28
0.00,8
24.55,220
0.00,6
6.25,32
1.36,442
1.43,140
0.00,12
0.00,554
0.00,20
0.00,18
25.00,8
0.00,44
0.00,46
0.00,2
0.00,6
0.00,2
0.00,18
0.00,14
0.00,474
0.00,20
0.00,20
0.00,62
0.00,22
0.00,30
0.00,2
0.00,16
0.00,171
0.00,2
0.00,6
0.00,2
0.00,472
0.00,42
0.00,2
0.10,1916
0.00,12
0.00,494
0.00,20
0.00,28
0.00,20
0.63,316
0.00,8
0.00,6
0.00,12
0.00,30
0.00,4
0.00,6
0.00,4
0.00,8
0.00,6
0.00,2
0.00,26
0.00,2
0.00,4
0.00,54
0.00,6
0.00,209
0.00,2
0.00,14
75.00,8
85.29,238
35.32,201
32.22,22643
14.29,14
0.00,292
0.00,20
0.00,8
0.00,32
14.29,14
0.00,102
0.00,6
0.00,44
0.00,6
0.00,34
0.00,4
0.00,12
100.00,4
0.00,2
0.00,6
0.00,2
100.00,16
0.00,4
100.00,2
0.00,2
0.00,2
0.00,6
0.00,14
13.33,30
33.33,6
0.00,8
31.82,44
0.00,6
71.43,14
67.62,2545
0.00,6
0.00,250
0.00,20
16.67,12
0.00,58
0.00,2
0.00,22
0.00,4
100.00,2
0.00,2
75.00,8
100.00,2
16.67,12
0.00,6
100.00,14
100.00,8
55.56,153
87.50,48
0.00,2
0.00,4
100.00,4
66.67,12
8.00,250
0.00,20
28.57,14
0.00,92
7.39,352
0.00,6
33.92,8376
20.03,639
63.64,88
100.00,2
100.00,2
8.86,3928
0.00,3358
3.10,12859
0.00,1280
100.00,2
0.00,4
18.72,219
2.36,1861
0.00,32
21.18,2682
100.00,4
0.00,6
0.00,10
99.52,417
0.00,3216
2.86,13274
0.00,302
100.00,2
100.00,10
76.23,4038
0.00,100
8.81,4405
0.00,156
38.39,1313
100.00,8
49.67,1844
77.08,96
100.00,2
48.48,66
100.00,4
100.00,2
29.67,30251
20.38,520
7.04,38530
17.90,1335
3.98,1457
15.62,18943
100.00,6
100.00,8
38.46,26
0.00,6
100.00,2
12.37,1019
0.00,6
0.00,2
100.00,4
83.33,12
0.00,266
0.00,6
0.00,2
0.00,4
0.00,30
0.00,2
0.00,2
0.00,14
0.00,2
23.44,128
0.00,8
19.30,342
0.00,20
12.50,16
0.00,4
0.00,8
0.00,4
15.38,52
56.35,1842
0.00,24
28.57,14
0.00,324
0.00,20
0.00,20
25.49,306
0.00,34
100.00,4
0.00,32
66.67,18
0.00,2
0.00,4
3.03,66
0.00,2
0.00,2
2.12,1887
0.00,20
5.19,810
0.00,20
0.00,14
0.00,16
0.00,180
0.00,4
0.00,4
25.00,8
0.00,2
0.00,38
0.00,4
0.00,52
14.71,68
0.00,4
100.00,4
0.00,6
100.00,2
0.00,2
57.76,599
0.00,12
33.07,508
0.00,20
33.33,12
0.00,46
0.00,4
33.33,6
0.00,6
0.00,2
25.00,160
0.00,4
100.00,4
0.00,2
33.33,6
0.00,2
0.00,74
0.00,6
0.00,264
0.00,20
0.00,16
0.00,22
0.00,2
0.00,2
0.00,4
0.00,34
0.00,8
0.00,18
84.62,26
41.77,1470
0.00,20
44.47,850
0.00,20
55.56,36
53.68,272
100.00,4
66.67,12
0.00,6
100.00,2
0.00,2
0.00,12
0.00,4
100.00,2
0.00,2
85.71,14
0.00,4
42.86,14
0.00,8
0.00,2
0.00,12
0.00,132
0.00,10
100.00,2
100.00,14
0.00,4
0.00,10
0.00,398
0.00,20
0.00,20
0.00,14
0.00,6
0.00,32
0.00,2
0.00,16
3.10,452
14.29,14
0.00,12
0.00,8
100.00,6
75.14,1766
0.00,22
66.67,12
49.19,370
0.00,20
66.67,24
68.62,376
79.17,48
0.00,8
44.44,18
66.67,6
73.08,52
0.00,4
100.00,2
0.00,6
0.00,42
0.00,2
2.00,100
0.00,8
0.00,2
73.91,46
75.00,8
100.00,2
100.00,14
0.00,2
54.07,1228
0.00,8
41.67,72
3.95,304
0.00,20
0.00,12
95.24,84
0.00,6
0.00,2
0.00,4
0.00,6
16.67,36
100.00,20
0.00,70
100.00,6
100.00,4
50.00,8
0.00,4
0.00,4
0.00,140
0.00,6
0.00,10
0.00,6
0.00,16
0.00,4
62.24,286
66.67,6
0.00,78
100.00,4
100.00,2
0.00,6
0.00,232
0.00,20
0.00,8
0.00,14
0.00,4
0.00,2
0.00,2
86.67,30
20.17,1418
0.00,52
0.00,6
66.67,6
71.43,14
0.00,2
42.41,323
0.00,14
0.00,8
12.33,292
0.00,20
0.00,12
59.09,44
0.00,6
0.00,2
100.00,2
0.00,4
0.00,70
71.43,14
100.00,2
0.00,2
14.29,28
48.86,2147
0.00,14
0.00,4
63.64,22
21.05,532
0.00,20
0.00,16
20.00,60
63.49,378
60.00,10
0.00,26
0.00,6
66.67,18
75.00,56
100.00,2
0.00,60
0.00,12
0.00,18
87.50,16
100.00,8
0.00,4
36.36,22
0.00,2
0.00,2
0.00,4
62.28,843
0.00,6
0.00,238
0.00,20
0.00,8
36.59,82
0.00,2
0.00,2
76.92,26
0.00,6
0.00,42
0.00,38
0.00,6
0.00,18
71.43,14
100.00,2
56.90,478
67.50,80
0.00,4
0.00,4
0.00,2
0.00,40
100.00,2
0.00,42
0.00,2
0.00,2
100.00,16
0.00,4
100.00,6
73.64,903
0.00,4
0.00,140
0.00,6
45.00,120
0.00,10
0.00,6
0.00,12
79.17,48
0.00,4
100.00,2
0.00,8
62.96,54
100.00,2
61.54,26
100.00,2
0.00,14
0.00,4
0.00,140
0.00,2
0.00,28
0.00,10
0.00,4
49.14,232
0.00,52
32.56,516
0.00,6
0.00,180
0.00,20
0.00,8
0.00,4
0.00,8
0.00,6
0.00,132
100.00,2
70.65,954
0.00,22
84.52,168
0.00,2
100.00,6
0.00,10
81.25,32
75.00,8
100.00,2
100.00,14
0.00,2
61.63,1470
0.00,22
0.00,6
24.80,250
0.00,20
0.00,8
54.55,110
100.00,56
25.00,8
75.00,8
100.00,16
100.00,2
100.00,14
0.00,2
0.00,2
0.00,2
85.12,336
100.00,10
65.22,46
80.00,10
0.00,10
0.00,6
17.24,232
0.00,20
0.00,8
0.00,2
89.96,916
66.67,12
100.00,18
100.00,6
25.00,8
100.00,31
16.67,12
100.00,8
75.76,66
0.00,2
97.83,460
0.00,2
100.00,16
100.00,2
75.00,8
0.00,10
100.00,2
100.00,14
80.02,2162
6.12,98
0.00,4
0.00,22
0.00,4
100.00,16
100.00,2
100.00,12
100.00,27
87.50,16
100.00,4
0.00,10
100.00,16
100.00,2
100.00,14
0.00,2
0.00,2
79.91,637
100.00,10
71.43,14
0.00,2
100.00,29
66.67,6
0.00,10
71.43,14
100.00,8
100.00,14
54.47,995
0.00,4
0.00,4
0.00,22
0.00,4
100.00,4
14.29,14
10.75,186
0.00,4
0.00,2
71.67,120
100.00,2
16.67,12
0.00,4
85.71,28
0.00,12
0.00,42
0.00,2
0.00,223
0.00,6
0.00,46
0.00,5
0.00,2
70.27,148
0.00,40
0.00,4
16.67,48
100.00,4
0.00,6
28.45,232
0.00,20
0.00,8
34.00,100
0.00,2
0.00,22
72.93,724
0.00,42
0.00,2
100.00,2
16.67,12
100.00,2
100.00,14
0.00,8
0.00,268
0.00,20
0.00,8
0.00,26
0.00,2
0.00,2
0.00,44
0.18,1110
0.00,2
0.00,13
0.00,12
0.00,2
0.00,2
0.00,8
0.00,342
0.00,20
0.00,8
22.22,18
0.00,108
0.00,2
0.00,685
0.00,4
0.00,42
0.00,10
0.00,2
70.28,646
0.00,42
0.00,2
0.00,44
0.00,4
100.00,2
28.57,14
75.00,8
100.00,14
0.00,4
86.27,670
100.00,4
100.00,10
25.00,8
100.00,8
100.00,4
100.00,8
100.00,14
0.00,2
81.71,164
75.00,8
100.00,4
0.00,10
71.43,28
70.59,34
0.00,14
0.00,4
81.93,3459
90.00,20
0.00,2
88.89,18
94.87,39
75.00,8
100.00,4
14.29,14
100.00,12
100.00,6
100.00,14
0.00,2
0.00,2
67.41,669
100.00,10
100.00,2
100.00,6
100.00,4
0.00,10
50.00,4
100.00,14
72.02,822
0.00,22
56.10,82
0.00,2
37.50,16
100.00,2
100.00,4
0.00,2
0.00,14
0.00,2
89.78,548
0.00,22
5.88,34
0.00,2
100.00,10
100.00,10
75.00,8
100.00,4
0.00,10
100.00,8
71.43,14
100.00,8
100.00,14
0.00,2
75.00,32
0.00,2
93.50,554
100.00,6
100.00,2
50.00,8
100.00,4
0.00,10
100.00,14
0.00,2
79.78,366
100.00,14
0.00,8
75.00,8
0.00,10
0.00,10
0.00,326
0.00,20
0.00,12
33.33,132
0.00,4
0.00,2
0.00,696
0.00,2
0.00,20
0.00,14
0.00,38
0.00,2
0.00,14
0.00,2
0.00,48
0.00,4
0.00,98
0.00,6
0.00,140
0.00,2
0.00,10
0.00,2
0.00,32
0.00,6
0.00,232
0.00,20
0.00,12
0.00,48
0.00,32
0.00,2
0.00,67
0.00,12
0.00,18
0.00,220
0.00,20
0.00,8
0.00,132
0.00,4
0.00,2
0.00,4
0.00,461
0.00,14
0.00,6
0.00,14
33.33,18
0.00,4
0.00,12
0.00,420
0.00,20
0.00,16
0.00,128
0.00,4
0.00,2
0.00,1292
0.00,2
0.00,18
0.00,4
0.00,2
0.00,4
0.00,2
0.00,4
0.00,10
0.00,2
0.00,2
0.00,2
0.00,36
0.00,330
0.00,2
80.00,10
100.00,2
1.91,314
0.00,2
0.00,2
0.00,4
0.00,4
0.00,8
0.00,10
0.00,2
0.38,1050
0.00,110
0.00,2
0.00,4
0.00,42
0.00,12
0.00,2
0.00,8
6.98,86
0.00,2
0.00,4
0.00,22
0.00,14
100.00,2
0.41,2926
10.00,80
0.00,4
0.00,2
0.00,30
0.00,40
0.00,4
0.00,2
0.00,10
0.00,4
0.00,6
0.00,8
0.00,20
0.00,14
0.00,2
0.00,8
0.00,2
0.00,10
0.00,22
0.00,4
0.00,307
0.00,2
0.00,6
0.00,250
0.00,20
0.00,12
0.00,14
0.00,26
0.00,413
0.00,2
0.00,4
0.00,22
0.00,4
0.40,3539
0.00,8
0.00,250
0.00,20
0.00,14
0.00,48
0.00,70
0.00,4
0.00,47
0.00,4
0.00,6
0.00,4
0.00,2
0.00,22
0.00,12
0.00,6
0.71,560
3.85,52
0.00,4
0.00,2
0.00,34
0.00,4
0.00,2
0.00,10
0.00,14
0.00,6
0.00,2
0.95,630
0.00,48
0.00,10
0.00,22
0.00,4
0.00,6
0.00,18
0.00,70
0.00,8
0.00,8
100.00,2
0.00,8
0.00,12
0.00,2
24.30,2984
0.00,2
70.00,20
0.00,14
0.00,6
0.00,10
71.43,14
17.78,360
0.00,20
0.00,8
0.00,12
21.79,468
0.00,10
49.21,252
0.00,6
0.00,2
0.00,2
59.22,255
25.00,8
4.71,935
29.52,1450
0.00,6
0.00,2
0.00,64
47.26,565
0.00,26
0.00,20
29.59,936
7.14,28
27.96,93
0.00,2
0.00,20
42.11,38
41.03,1014
25.00,8
20.00,250
0.00,20
28.57,14
0.00,106
0.00,4
0.00,26
100.00,836
0.00,8
0.00,4
100.00,2
0.00,16
0.00,54
100.00,4
100.00,2
0.00,6
0.00,232
0.00,20
0.00,8
2.50,160
0.00,4
91.04,971
0.00,4
0.00,2
0.00,2
0.00,4
100.00,2
100.00,13
66.67,6
43.24,37
0.00,2
88.91,523
0.00,6
35.56,270
0.00,20
0.00,8
0.00,14
0.00,2
0.00,4
100.00,12
100.00,2
100.00,14
75.64,1687
0.00,12
36.19,630
0.00,20
37.50,16
45.00,40
0.00,76
100.00,6
0.00,14
33.33,6
37.50,32
0.00,4
100.00,2
9.52,42
100.00,30
100.00,2
20.00,20
0.00,40
100.00,4
75.00,16
100.00,2
100.00,14
33.33,6
63.89,72
36.92,455
80.00,10
0.00,6
0.00,238
0.00,20
0.00,12
0.00,2
0.00,2
0.00,22
0.00,711
0.00,20
0.00,6
0.00,250
0.00,20
0.00,8
0.00,6
0.00,2
0.00,2
0.00,604
0.00,6
0.00,10
0.00,50
0.00,2
0.00,6
0.00,572
0.00,42
0.00,4
0.00,32
0.00,4
0.00,2
0.00,2
0.00,286
0.00,345
0.00,6
0.00,250
0.00,20
0.00,12
0.00,100
33.33,6
0.00,36
100.00,16
0.00,96
0.00,247
0.00,2
0.00,44
40.11,1299
40.00,10
33.33,6
31.58,38
61.05,1602
0.00,2
0.00,2
0.00,4
100.00,8
100.00,12
100.00,35
100.00,2
100.00,2
16.67,12
0.00,2
0.00,2
80.69,466
44.12,68
0.00,2
0.00,4
100.00,2
100.00,2
0.00,10
72.32,513
0.00,22
0.00,2
0.00,2
0.00,22
0.00,4
37.50,16
100.00,2
80.00,10
0.00,6
16.67,12
0.00,2
79.63,540
0.00,6
13.79,232
0.00,20
0.00,8
0.00,2
0.00,4
100.00,4
100.00,6
100.00,8
100.00,14
0.50,801
0.00,72
0.00,2
0.00,4
0.00,16
0.00,2
0.00,14
0.00,10
0.00,2
0.00,2
0.00,14
0.46,1312
5.00,40
0.00,2
0.00,44
0.00,4
0.00,2
0.00,2
0.00,10
0.00,4
0.00,2
0.00,6
0.00,2
66.30,184
100.00,8
100.00,4
100.00,14
25.93,54
0.00,4
0.00,22
14.80,4148
100.00,2
0.00,2
0.00,2
0.00,17
0.00,6
0.00,14
0.00,6
85.71,14
0.00,2
2.83,3990
0.00,16
0.00,8
0.00,10
0.00,2
0.00,35
0.00,2
14.29,14
0.00,1798
4.44,90
0.00,6
0.00,4
0.00,2
0.00,10
0.00,4
0.00,8
0.00,462
0.00,4
0.00,2
29.63,54
33.33,6
0.00,66
75.43,2886
0.00,12
75.00,8
9.09,22
0.00,6
100.00,10
0.00,6
0.00,250
0.00,20
0.00,12
17.19,128
0.00,14
0.00,18
54.78,230
100.00,2
0.00,24
88.24,34
100.00,2
0.00,4
0.00,2
16.67,12
0.00,4
0.00,18
0.00,2
0.00,2
0.00,335
0.00,12
0.00,420
0.00,20
0.00,22
15.00,40
0.00,2
0.00,18
0.00,4
0.00,22
0.00,4
0.00,2
0.00,10
0.00,14
0.00,2
58.82,136
100.00,8
53.54,1821
61.11,36
0.00,22
0.00,6
0.00,10
100.00,6
0.00,2
0.00,10
100.00,14
0.00,2
0.00,2
0.00,2
0.00,211
0.00,6
0.00,6
0.00,6
18.56,1164
0.00,2
0.00,6
0.00,4
0.00,6
0.00,2
0.00,6
0.00,10
100.00,6
0.00,8
0.00,14
0.00,14
0.00,4
0.00,24
0.00,562
0.00,2
0.00,6
0.00,2
0.00,264
0.00,12
0.00,2
0.00,14
3.45,174
0.00,18
0.00,2
0.00,22
0.00,2500
0.00,198
0.00,2
0.00,4
0.00,2
0.00,2
0.00,12
0.00,2
0.00,14
0.00,2
0.22,1846
0.00,22
0.63,320
0.00,2
0.00,198
0.00,42
0.00,2
0.00,2
0.00,12
0.00,8
0.00,14
0.00,2
0.00,14
0.00,308
0.00,20
0.00,8
0.00,106
0.00,4
0.00,154
0.00,14
0.00,10
0.00,2
0.00,2
0.00,20
0.00,2
0.00,20
0.00,4
0.00,2
0.00,14
5.56,36
0.00,2
0.00,22
57.72,790
75.00,8
100.00,8
100.00,4
100.00,4
0.00,8
37.50,128
70.49,4483
40.00,5
0.00,6
100.00,12
40.48,84
100.00,10
0.00,4
0.00,20
0.00,32
0.00,4
0.00,24
0.00,12
0.00,4
88.24,34
0.00,16
0.00,4
94.12,34
0.00,2
0.00,4
0.00,6
0.00,8
6.15,260
0.00,20
30.00,80
0.00,4
0.00,6
0.00,232
0.00,20
0.00,8
0.00,10
0.00,24
0.00,14
0.00,2
0.00,2
17.16,507
0.00,6
35.14,37
0.00,2
0.00,2
0.00,2
0.90,442
0.00,6
0.00,234
0.00,20
0.00,8
0.00,70
0.00,2
0.00,22
0.00,4
0.00,10
0.00,2
0.00,10
0.00,38
70.19,1342
0.00,2
0.00,4
0.00,44
71.43,14
0.00,30
18.18,22
17.15,478
0.00,20
0.00,20
90.00,60
0.00,4
27.27,1045
59.57,94
0.00,4
100.00,4
75.00,8
0.00,6
0.00,10
31.14,472
0.00,2
0.00,8
0.00,8
0.00,336
0.00,20
0.00,18
0.00,32
2.90,138
0.00,28
10.63,301
40.00,10
1.11,180
0.00,20
0.00,8
0.00,4
0.00,2
55.12,606
0.00,2
100.00,2
50.00,8
100.00,2
11.69,154
75.00,40
94.59,74
0.00,2
0.00,4
0.00,2
0.81,1600
0.00,22
0.00,650
0.00,20
0.00,8
16.87,166
0.00,8
0.00,42
0.00,12
0.00,6
0.00,14
0.00,50
0.00,2
0.00,2
45.45,22
0.00,14
0.00,2
0.00,14
0.00,6
31.97,244
0.00,20
50.00,16
5.26,38
100.00,4
80.47,297
0.00,2
0.00,2
8.54,246
0.00,92
0.00,4
10.00,20
0.00,4
71.43,14
0.00,6
0.00,6
89.89,376
0.00,2
0.00,6
70.00,20
0.00,4
100.00,6
0.00,6
40.00,20
100.00,18
100.00,2
100.00,4
100.00,2
100.00,2
100.00,8
28.91,3532
0.00,20
13.25,800
0.00,20
6.67,30
1.59,126
10.00,20
0.00,30
0.00,20
0.00,6
75.68,74
0.00,4
4.55,44
0.00,10
0.00,6
57.89,38
0.00,10
100.00,82
100.00,14
0.00,4
21.43,56
100.00,4
100.00,14
0.00,2
2.70,1556
0.00,8
0.00,354
0.00,20
0.00,28
0.00,36
0.00,10
0.00,2
0.00,46
0.00,4
0.00,4
0.00,26
0.00,44
0.00,6
0.00,2
0.00,14
25.00,8
0.00,6
0.00,14
0.40,496
0.00,88
0.00,6
0.00,22
0.00,4
0.00,2
0.00,56
0.00,8
0.00,14
0.00,8
0.00,36
7.69,26
0.00,4
70.93,657
96.15,52
100.00,6
0.00,4
7.85,484
0.00,6
0.00,250
0.00,20
0.00,8
22.00,100
35.71,28
0.00,4
0.00,6
0.00,8
0.00,6
0.00,30
37.62,202
0.00,2
12.50,16
100.00,2
66.67,12
69.65,1206
0.00,2
100.00,2
100.00,30
36.36,66
100.00,2
100.00,8
0.00,4
50.00,4
49.37,158
0.00,2
16.67,48
80.65,31
0.00,38
0.00,10
0.00,4
51.79,390
33.33,48
33.33,18
0.00,4
0.00,32
0.00,51
0.00,4
1.05,190
0.00,2
28.67,1364
0.00,18
11.51,730
0.00,20
0.00,28
0.00,2
11.11,18
0.00,42
0.00,16
0.00,2
22.22,72
0.00,4
5.56,36
11.11,18
0.00,80
0.00,6
38.46,26
0.00,4
0.00,2
0.00,184
0.00,8
5.95,336
0.00,20
0.00,16
0.00,60
0.00,4
0.00,2
0.00,16
0.00,4
0.00,54
0.00,6
0.00,2
51.99,5957
0.00,2
60.00,40
19.38,960
0.00,20
0.00,8
33.33,138
67.57,74
0.00,86
0.00,4
0.00,2
0.00,4
16.67,12
0.00,84
0.00,4
0.00,46
0.00,10
0.00,12
0.00,30
100.00,2
0.00,6
0.00,14
100.00,14
88.58,1121
0.00,10
53.00,434
0.00,20
69.23,26
14.12,170
30.43,46
100.00,12
0.00,6
96.43,56
0.00,4
100.00,2
100.00,2
9.52,42
75.00,8
90.20,102
66.67,6
100.00,8
38.46,26
100.00,4
0.00,12
0.00,468
0.00,20
0.00,18
1.43,140
0.00,12
0.00,2
69.57,92
60.49,2359
15.38,26
0.00,2
0.00,20
0.00,16
100.00,8
76.92,26
50.00,16
100.00,2
0.00,2
74.04,886
0.00,6
30.23,258
0.00,20
0.00,8
46.24,186
0.00,8
76.00,50
0.00,4
50.00,4
0.00,10
94.55,110
100.00,8
100.00,4
50.00,4
100.00,6
100.00,8
100.00,14
0.00,22
100.00,2
74.42,86
81.20,633
28.92,166
0.00,8
81.25,32
0.00,4
75.00,16
8.70,46
100.00,2
83.33,48
0.00,2
50.00,4
100.00,2
100.00,2
80.95,42
0.00,8
0.00,336
0.00,20
0.00,14
0.00,4
0.00,2
0.00,4
0.00,36
0.00,978
0.00,4
0.00,4
0.00,22
0.00,4
63.79,116
0.00,4
57.14,14
0.00,4
0.00,2
72.73,22
10.72,597
4.17,48
5.88,34
11.11,18
9.09,22
0.00,4
0.00,2
0.00,14
0.00,14
0.00,4
2.13,94
0.00,4
52.17,46
83.54,328
66.67,6
100.00,2
92.50,80
50.00,4
100.00,4
0.44,902
0.00,12
0.00,524
0.00,20
0.00,12
0.00,8
15.19,158
0.00,2
0.00,10
0.00,70
0.00,4
0.00,2
0.00,22
0.00,46
0.00,34
0.00,4
0.00,114
0.00,6
0.00,8
0.00,4
53.33,30
0.00,12
100.00,82
100.00,2
100.00,10
100.00,4
100.00,2
59.31,725
13.04,46
32.65,196
0.00,6
66.67,24
0.00,4
100.00,2
0.00,6
4.76,42
71.88,64
25.00,8
100.00,8
0.00,2
0.00,6
0.00,232
0.00,20
0.00,8
27.27,22
0.00,6
0.00,6
0.00,2
0.00,2
0.00,1400
0.00,4
0.00,10
8.20,122
0.00,2
0.00,4
0.00,6
0.00,16
0.00,6
0.00,2
0.00,8
0.00,2
60.00,10
26.35,296
0.00,20
0.00,8
38.24,68
16.67,36
0.00,4
57.14,28
0.00,36
87.86,1071
100.00,2
83.33,12
100.00,2
76.19,42
9.52,42
100.00,8
100.00,6
100.00,4
100.00,14
66.67,12
86.12,2162
0.00,14
0.00,10
42.57,404
0.00,20
13.33,30
33.33,18
25.86,116
68.75,32
0.00,6
0.00,12
95.65,46
0.00,4
25.00,8
0.00,18
86.67,90
57.14,14
85.71,28
100.00,2
100.00,14
0.00,2
0.00,4
57.14,28
11.11,18
0.00,16
81.12,392
100.00,2
0.00,2
0.00,42
100.00,28
21.88,64
0.00,10
80.00,20
87.69,1300
0.00,14
100.00,6
100.00,4
71.43,14
100.00,12
0.00,2
54.40,1421
0.00,6
0.00,232
0.00,20
36.92,130
0.00,8
20.00,10
0.00,12
0.00,6
85.71,70
0.00,4
0.00,2
100.00,2
0.00,14
35.29,102
25.00,8
50.00,24
0.00,6
0.00,4
0.00,10
14.29,392
0.00,20
0.00,8
13.89,72
0.00,4
70.00,20
69.79,662
50.00,8
100.00,2
96.30,54
80.00,10
100.00,2
100.00,14
86.14,202
0.00,4
0.00,4
92.31,26
0.00,4
94.44,36
50.00,4
74.01,685
0.00,78
0.00,12
83.33,48
0.00,4
0.00,42
100.00,2
68.89,90
100.00,8
46.15,26
70.59,34
100.00,4
100.00,14
88.01,634
0.00,6
12.09,182
0.00,20
0.00,8
36.17,94
33.33,6
94.74,38
0.00,4
100.00,2
84.21,38
100.00,2
71.43,14
100.00,2
0.00,14
90.57,212
0.00,4
0.00,6
0.00,2
73.68,38
0.00,4
100.00,2
64.29,56
75.00,8
71.43,14
59.55,1231
0.00,14
100.00,8
3.03,66
0.00,8
57.69,104
0.00,4
100.00,2
62.26,106
25.00,8
75.00,24
0.00,2
0.00,2
43.80,1032
28.57,14
29.38,388
0.00,20
33.33,18
21.43,56
75.00,8
56.00,50
0.00,8
70.00,60
0.00,4
100.00,2
61.40,114
25.00,8
100.00,4
44.44,18
0.00,2
100.00,14
0.00,2
91.56,308
0.00,2
0.00,2
77.78,18
0.00,4
72.73,22
100.00,10
100.00,2
0.00,44
100.00,22
65.04,492
0.00,42
100.00,4
91.67,24
100.00,4
50.00,4
75.00,8
100.00,2
100.00,14
61.45,166
0.00,42
50.00,4
0.00,4
4.76,42
0.00,2
64.41,118
0.00,40
0.00,6
4.76,42
100.00,2
92.08,859
0.00,8
49.12,342
0.00,20
33.33,12
52.87,174
0.00,2
0.00,10
90.00,40
0.00,4
0.00,2
9.52,42
100.00,2
74.29,70
66.67,6
100.00,2
38.46,26
0.00,4
100.00,2
100.00,44
84.19,658
47.06,34
100.00,4
0.00,84
100.00,14
0.00,4
100.00,2
9.52,42
100.00,2
100.00,4
100.00,2
100.00,14
0.00,2
81.59,2624
100.00,2
0.00,12
64.18,564
0.00,20
60.00,20
59.06,298
0.00,38
100.00,4
0.00,8
85.71,28
0.00,12
0.00,42
100.00,2
100.00,20
0.00,4
100.00,8
32.26,62
25.00,8
33.33,42
100.00,2
80.95,42
71.43,14
0.00,80
0.00,10
0.00,6
71.43,406
17.39,46
100.00,2
30.00,20
97.56,82
66.67,6
100.00,8
0.00,4
100.00,2
81.82,22
50.00,4
100.00,2
100.00,14
33.33,12
24.56,342
0.00,20
33.33,12
41.18,136
13.33,150
37.50,16
0.00,6
0.00,2
56.52,46
89.09,1687
100.00,2
100.00,2
0.00,42
55.00,40
100.00,2
50.00,4
0.00,518
0.00,90
0.00,2
0.00,8
0.00,4
0.00,2
0.00,4
0.00,44
0.00,6
0.00,2
0.00,2
0.00,2
90.18,163
0.00,40
0.00,2
100.00,10
0.00,4
100.00,2
9.52,42
100.00,6
0.00,6
100.00,2
88.95,380
0.00,66
0.00,8
83.33,60
0.00,4
4.76,42
87.50,48
100.00,2
50.00,4
100.00,2
48.25,1430
0.00,28
0.00,54
0.00,22
0.00,8
70.59,68
0.00,4
100.00,8
0.00,2
59.02,122
66.67,6
25.00,8
55.56,18
0.00,6
0.00,2
0.00,6
25.00,8
77.85,298
43.75,32
6.25,32
100.00,4
0.00,4
0.00,4
94.74,38
0.00,6
55.56,18
100.00,8
0.00,30
100.00,2
63.64,44
0.00,8
64.85,404
42.31,104
60.00,10
100.00,4
80.00,30
84.85,132
0.00,6
0.00,2
78.57,28
0.00,4
94.29,70
100.00,8
50.00,4
100.00,2
100.00,14
77.93,1033
0.00,8
20.37,324
0.00,20
0.00,8
40.00,20
0.00,82
0.00,2
0.00,2
90.48,42
0.00,4
82.35,34
0.00,2
100.00,16
66.67,6
88.89,18
100.00,2
0.00,2
70.51,156
0.00,6
0.00,14
72.73,22
0.00,4
87.88,66
25.00,8
57.14,14
100.00,2
84.93,1705
0.00,22
0.00,8
44.16,308
0.00,20
0.00,8
26.05,238
30.00,20
14.29,14
16.67,12
82.98,94
0.00,4
100.00,26
100.00,2
83.33,12
91.18,68
66.67,6
100.00,2
0.00,4
80.00,10
100.00,2
100.00,42
0.00,2
0.00,2
2.78,72
0.00,8
70.59,34
74.07,486
92.59,54
100.00,8
6.67,30
0.00,2
100.00,2
71.86,2466
0.00,14
0.00,10
42.79,416
0.00,20
5.13,78
50.00,16
39.67,242
0.00,10
71.43,42
0.00,4
100.00,2
100.00,8
77.97,118
0.00,6
25.00,8
20.00,20
33.33,6
100.00,8
0.00,2
0.00,6
0.00,14
0.00,12
68.13,546
0.00,20
3.57,56
0.00,8
15.38,26
56.25,192
0.00,14
0.00,12
93.55,62
84.73,2122
0.00,8
90.91,22
96.88,64
100.00,14
100.00,2
0.00,2
0.00,4
0.00,4
37.14,140
0.00,2
31.03,58
0.00,10
0.00,6
100.00,2
54.55,22
84.64,384
0.00,2
100.00,6
100.00,2
95.65,184
0.00,10
0.00,2
100.00,34
0.00,4
100.00,8
90.20,102
100.00,6
50.00,4
100.00,2
100.00,14
36.05,1226
0.00,22
0.00,6
23.20,250
0.00,20
42.86,14
38.71,62
0.00,4
65.22,46
0.00,4
55.56,18
0.00,2
66.67,18
0.00,28
0.00,2
0.00,4
61.79,2685
0.00,14
0.00,14
54.64,582
0.00,20
63.64,22
73.03,178
0.00,14
48.00,50
0.00,6
0.00,66
0.00,56
0.00,6
100.00,4
66.67,18
100.00,12
100.00,20
100.00,14
0.00,2
0.00,6
28.23,248
0.00,20
0.00,8
55.32,94
0.00,6
73.68,38
83.06,496
100.00,4
81.25,32
81.58,76
0.00,2
100.00,4
50.00,4
100.00,6
100.00,14
0.00,6
0.00,4
100.00,26
80.36,224
100.00,2
96.55,58
71.43,14
100.00,14
87.26,314
0.00,6
33.60,250
0.00,20
0.00,8
45.83,48
100.00,2
50.00,12
0.00,4
100.00,2
69.23,26
50.00,4
100.00,2
0.00,6
0.00,232
0.00,20
0.00,8
12.12,66
0.00,4
0.00,2
43.75,32
80.92,524
30.00,20
54.17,48
66.67,18
100.00,2
0.00,8
43.86,342
0.00,20
0.00,8
34.21,76
0.00,2
100.00,16
90.43,648
4.76,42
100.00,6
50.00,4
100.00,4
100.00,14
81.25,128
0.00,6
24.80,250
0.00,20
42.86,14
0.00,32
100.00,4
0.00,4
100.00,2
100.00,6
100.00,2
0.44,915
0.00,10
0.00,398
0.00,20
0.00,8
0.00,120
0.00,4
9.09,22
0.00,10
0.00,6
0.00,44
0.00,4
0.00,28
0.00,4
0.00,6
0.00,2
0.00,2
1.41,567
0.00,34
0.00,4
0.00,38
0.00,4
0.00,44
0.00,26
0.00,4
0.00,2
0.00,6
0.00,250
0.00,20
0.00,14
0.00,58
0.00,113
0.00,38
0.00,4
0.00,267
0.00,12
0.00,8
0.00,2
0.00,2
0.00,8
0.00,275
0.00,2
0.00,4
0.00,2
2.38,336
10.71,56
0.00,56
0.00,10
0.00,4
0.00,2
0.00,4
50.00,4
55.29,425
0.00,2
0.00,8
84.00,50
0.00,4
100.00,2
0.00,6
0.00,2
35.71,28
63.64,22
100.00,2
0.00,6
19.71,274
0.00,20
0.00,8
15.38,52
18.52,216
100.00,4
0.00,8
56.25,64
67.70,2130
80.00,30
100.00,4
100.00,2
100.00,4
100.00,8
0.00,6
84.62,26
66.67,6
100.00,8
57.14,14
25.98,1051
0.00,26
0.00,4
0.00,2
71.43,42
0.00,4
0.00,2
100.00,2
0.00,6
0.00,4
14.29,56
22.11,190
0.00,2
0.00,14
54.05,74
76.38,2807
0.00,4
78.57,28
100.00,10
100.00,2
80.00,10
0.00,2
59.02,122
25.00,8
100.00,4
33.33,24
66.67,12
0.00,14
7.41,54
0.00,6
79.50,556
100.00,2
100.00,10
100.00,2
80.65,62
0.00,6
75.00,8
100.00,4
41.67,24
80.00,10
100.00,2
100.00,2
80.00,10
50.28,362
0.00,10
0.00,428
0.00,20
0.00,12
0.00,46
0.00,2
0.00,10
0.00,10
75.00,24
0.00,6
4.76,42
100.00,2
0.00,24
70.97,62
25.00,8
100.00,4
0.00,10
18.83,446
0.00,20
25.00,16
0.00,24
0.00,6
0.00,60
0.00,2
0.00,2
33.33,42
59.97,1594
100.00,4
80.00,10
100.00,2
0.00,2
100.00,20
66.67,6
100.00,6
0.00,6
27.63,304
0.00,14
58.82,34
66.27,1420
77.78,36
0.00,2
86.84,76
0.00,6
100.00,4
100.00,6
0.00,2
24.75,202
0.00,22
28.57,14
66.67,72
58.47,4151
100.00,24
0.00,2
100.00,8
100.00,4
0.00,12
0.00,2
67.39,92
100.00,6
30.00,20
0.00,6
16.67,12
77.73,6367
0.00,14
0.00,6
0.00,180
0.00,20
0.00,8
32.11,380
20.00,20
32.54,252
0.00,12
80.65,62
0.00,4
0.00,2
100.00,2
0.00,42
100.00,2
70.00,20
0.00,2
92.73,110
25.00,8
50.00,24
100.00,2
100.00,14
0.00,2
50.00,4
1.57,254
0.00,34
0.00,48
0.00,4
0.00,2
0.00,14
0.00,36
0.00,6
0.30,661
0.00,10
0.00,310
0.00,20
0.00,8
20.00,30
0.00,10
0.00,38
0.00,6
0.00,54
0.00,46
0.00,4
0.00,8
0.00,8
0.00,2
0.00,14
0.00,6
0.00,6
0.00,8
0.00,6
0.00,250
0.00,20
0.00,8
0.00,2
0.00,22
12.40,242
0.00,10
0.00,14
0.00,8
0.00,342
0.00,20
0.00,12
0.00,30
0.00,8
0.00,2
0.00,22
2.70,518
0.00,4
0.00,6
0.00,10
0.00,22
0.00,6
0.00,6
0.00,2
0.00,14
0.00,6
0.00,6
0.00,2
55.00,40
15.97,864
0.00,20
0.00,8
0.00,42
100.00,4
7.02,114
0.00,8
0.00,2
0.00,22
0.00,146
49.39,3055
0.00,2
0.00,52
0.00,10
0.00,4
0.00,6
33.33,6
25.00,8
1.60,250
0.00,20
0.00,8
0.00,4
0.00,8
0.00,2
65.91,352
0.00,90
100.00,4
100.00,2
0.15,4046
0.00,22
0.00,110
0.00,8
11.61,534
0.00,20
11.11,18
0.00,52
0.00,2
0.00,44
0.00,4
0.00,10
0.00,4
0.00,28
0.00,12
0.00,12
0.00,2
0.00,2
60.00,20
13.79,58
0.00,16
0.00,10
22.75,378
0.00,180
0.00,8
0.00,282
0.00,20
0.00,8
0.00,74
0.00,6
0.00,20
0.00,4
0.00,2
0.00,70
0.00,6
0.00,8
1.85,216
0.00,2
0.00,4
0.00,10
12.82,78
87.53,722
100.00,14
0.00,18
0.00,28
0.00,4
