46.43,28
52.94,17
64.71,17
36.79,212
0.00,53
52.31,65
70.97,124
86.54,156
95.24,21
100.00,2
100.00,14
100.00,5
100.00,45
0.00,61
87.37,1298
91.67,24
100.00,7
75.00,8
100.00,11
90.91,22
100.00,15
0.00,19
30.77,13
0.00,2
50.00,4
17.91,67
28.95,38
0.00,8
0.00,17
29.41,17
26.60,188
0.00,2
0.00,19
100.00,1
1.68,1251
4.29,70
41.18,17
62.50,8
0.00,17
27.27,209
0.00,53
0.00,23
0.00,104
0.00,14
0.00,12
0.00,144
0.00,5
0.00,161
0.00,6
0.00,2
0.00,28
0.00,27
0.00,19
0.00,6
0.00,130
0.00,2
0.00,2
0.00,9
0.00,2
0.00,10
0.00,29
0.00,3
0.00,6
0.00,2
0.00,11
0.00,19
0.00,18
0.00,2
46.67,15
0.00,8
29.41,17
55.13,156
3.77,53
8.70,23
87.67,73
75.00,260
75.00,4
100.00,6
84.21,19
1.46,480
0.00,6
0.00,5
0.00,5
0.00,4
0.00,33
0.00,11
1.00,703
0.00,14
0.00,256
0.00,9
0.00,5
0.00,2
0.00,6
0.00,96
0.00,33
0.00,10
0.00,12
0.00,84
0.00,5
0.00,15
0.00,3
0.00,17
0.00,10
0.00,19
0.00,2
0.00,2
54.88,1106
0.00,146
0.00,42
0.00,5
0.00,4
0.00,251
0.00,11
1.13,177
0.00,4
0.00,34
0.00,2
0.00,14
0.00,5
0.00,4
0.00,4
0.00,5
0.00,14
100.00,29
0.00,2
100.00,1
15.94,69
28.95,38
79.58,906
41.67,12
0.00,17
29.41,17
26.60,188
0.00,2
11.11,54
0.00,19
2.17,600
0.00,91
0.00,125
0.00,5
0.00,6
0.00,48
0.00,5
0.00,2
0.00,10
0.00,16
0.00,24
0.00,2
0.00,19
0.00,38
0.00,44
40.11,182
54.93,71
0.00,47
0.00,6
0.00,5
51.94,4199
55.26,38
0.00,21
57.14,7
100.00,6
88.00,25
100.00,6
100.00,24
70.00,10
100.00,14
45.00,20
37.50,8
0.00,2
0.00,2
0.00,3
23.81,21
66.67,3
0.00,6
0.00,45
0.00,594
0.00,2
0.00,4
0.00,7
21.43,28
0.00,11
0.00,44
86.42,81
55.56,180
48.78,41
28.57,14
6.25,48
100.00,13
58.42,2078
100.00,7
100.00,2
18.18,11
100.00,6
80.00,10
100.00,15
36.00,25
100.00,5
36.36,11
0.00,2
0.00,2
0.00,11
0.00,4
0.00,39
0.00,109
0.00,5
0.00,4
0.00,4
0.00,9
77.11,83
50.00,4
80.81,568
100.00,5
75.00,8
100.00,33
84.21,19
97.70,87
15.79,19
0.00,8
90.42,240
0.00,36
100.00,32
72.73,11
85.25,1471
0.00,26
0.00,8
0.00,5
0.00,45
0.00,5
75.00,4
100.00,4
75.00,8
75.00,4
29.03,31
0.00,2
100.00,45
92.50,40
0.00,2
56.62,2831
80.00,15
0.00,8
90.32,31
73.81,168
0.00,53
88.24,34
73.39,124
71.43,14
100.00,9
76.03,267
60.00,5
0.00,6
100.00,7
100.00,5
100.00,11
100.00,28
100.00,4
100.00,6
26.61,233
0.00,2
100.00,2
0.00,17
100.00,4
75.00,8
75.00,4
68.75,16
20.00,10
55.00,20
57.81,64
84.38,32
0.00,7
93.48,46
100.00,2
0.00,2
0.00,19
100.00,4
70.59,17
41.67,12
0.00,17
80.00,200
0.00,53
0.00,23
11.67,60
9.88,81
61.04,521
100.00,2
100.00,21
100.00,8
0.00,2
0.00,11
0.00,19
0.00,2
75.00,72
65.77,634
100.00,15
0.00,8
100.00,31
0.00,2
0.00,80
0.00,6
74.40,207
94.44,18
100.00,4
0.00,3
100.00,19
0.00,2
100.00,15
70.59,17
0.00,17
80.37,214
0.00,53
0.00,23
45.35,86
88.89,144
0.00,8
100.00,12
64.13,828
100.00,7
89.02,82
100.00,7
50.00,12
80.00,30
0.00,19
0.00,2
0.00,2
0.00,19
0.00,4
0.00,2
9.32,118
84.35,735
0.00,6
21.13,71
0.00,9
95.35,43
63.16,19
86.36,44
0.00,2
54.14,2137
57.63,118
62.50,8
100.00,14
0.00,5
85.71,14
75.00,4
100.00,5
41.82,55
100.00,34
0.00,15
0.00,2
73.99,223
0.00,15
0.00,8
0.00,17
0.00,166
0.00,53
0.00,23
0.00,25
50.00,10
0.00,3
60.00,5
100.00,13
0.00,9
61.54,26
80.00,10
0.00,19
20.00,15
0.00,12
0.00,17
8.90,146
0.00,16
50.68,73
0.00,25
0.00,8
0.00,6
71.66,494
10.77,65
100.00,12
80.00,10
100.00,5
100.00,7
0.00,5
62.50,24
70.59,17
0.00,17
73.80,229
0.00,53
0.00,23
56.99,93
0.00,10
100.00,12
59.09,110
0.00,23
47.69,1820
0.00,8
100.00,3
0.00,13
55.24,143
100.00,5
84.62,13
100.00,14
0.00,3
0.00,2
0.00,19
0.00,2
33.33,15
41.67,12
0.00,17
19.88,166
0.00,53
0.00,23
65.57,122
0.00,10
33.33,9
59.32,59
59.87,1186
100.00,1
0.00,11
75.00,4
42.86,14
52.48,101
100.00,2
0.00,2
75.00,8
75.00,4
16.67,12
64.29,14
100.00,2
60.00,5
0.00,19
0.00,199
0.00,2
100.00,1
0.00,6
0.00,11
30.99,781
27.50,80
84.14,6209
76.60,94
0.00,61
0.00,8
0.00,52
100.00,5
0.00,2
0.00,5
100.00,6
100.00,9
75.00,12
75.00,8
18.64,59
100.00,23
96.55,29
100.00,8
73.91,23
83.39,289
0.00,1
0.00,6
0.00,48
0.00,5
0.00,5
11.11,18
2.89,277
0.00,81
0.00,6
0.00,5
0.00,1
0.00,16
0.00,12
0.00,22
0.00,25
50.00,10
47.62,21
0.00,56
65.46,414
0.00,15
0.00,12
0.00,17
0.00,170
0.00,53
0.00,23
0.00,50
0.00,8
0.00,37
7.59,540
0.00,304
100.00,1
50.00,2
0.00,6
0.00,2
100.00,19
0.00,19
0.00,10
83.33,84
87.50,8
100.00,7
87.41,707
2.56,78
0.00,6
0.00,5
100.00,6
16.00,25
100.00,23
72.73,11
83.08,2872
0.00,15
0.00,8
0.00,17
37.35,166
0.00,53
0.00,23
0.00,6
0.00,8
0.00,50
0.00,5
100.00,12
0.00,5
100.00,6
100.00,7
63.64,22
75.00,8
33.33,45
54.55,11
96.55,29
96.67,30
80.00,15
0.00,19
100.00,1
72.81,1177
22.62,84
0.00,8
70.59,17
0.00,17
76.19,210
0.00,53
0.00,23
0.00,4
100.00,7
100.00,2
72.22,18
58.82,17
0.00,11
0.00,19
0.00,2
0.00,38
0.00,23
0.00,28
0.00,72
0.00,4
0.00,2
0.00,5
0.00,15
0.00,8
0.00,17
0.00,148
0.00,16
0.00,25
0.00,20
0.00,171
0.00,9
0.00,9
11.76,51
26.85,149
16.67,18
0.00,4
0.00,89
81.48,27
0.00,8
0.00,8
16.67,6
0.00,27
0.00,1345
0.00,2
33.33,6
0.00,2
75.00,4
62.13,507
0.00,74
25.00,8
0.00,5
100.00,2
78.57,14
75.00,8
0.00,5
8.33,24
95.83,24
72.73,11
0.00,2
0.00,1
0.00,6
0.00,45
0.00,548
0.00,23
0.00,4
0.00,19
0.00,39
0.00,44
78.57,28
65.48,785
20.24,84
0.00,6
100.00,5
0.00,5
75.00,8
16.67,12
100.00,21
53.33,15
94.00,50
21.28,282
0.00,1
9.88,81
0.00,6
0.00,6
0.00,45
70.05,1756
82.50,40
0.00,5
12.50,16
95.83,24
90.57,53
0.00,11
0.00,2
0.00,2
89.91,109
9.88,81
0.00,6
100.00,5
77.04,1777
100.00,2
87.50,8
28.57,21
95.83,24
97.92,48
0.00,11
0.00,2
0.00,2
18.75,64
0.00,3
25.71,35
60.14,592
0.00,1
100.00,2
100.00,4
100.00,1
100.00,2
85.15,101
23.81,21
60.82,439
0.00,2
100.00,1
0.00,41
100.00,5
43.91,501
100.00,2
0.00,2
0.00,7
0.00,6
0.00,5
0.00,15
0.00,8
82.35,17
48.19,166
0.00,53
76.92,26
13.33,90
100.00,5
91.21,614
75.00,8
75.00,4
100.00,25
93.18,44
0.00,19
0.00,5
96.43,84
0.00,2
100.00,19
2.72,588
0.00,14
0.00,6
0.00,563
0.00,5
84.93,1287
13.10,84
52.94,17
0.00,8
0.00,17
64.25,193
0.00,53
0.00,23
80.25,81
0.00,6
0.00,45
0.00,5
100.00,4
75.00,4
100.00,9
100.00,6
40.91,22
100.00,3
100.00,25
79.49,39
93.48,46
0.00,11
0.00,19
0.00,2
20.73,386
0.00,1
0.00,2
46.67,15
0.00,18
0.00,17
0.00,212
0.00,53
0.00,67
0.00,85
0.00,2
0.00,15
8.50,353
0.00,12
0.00,19
0.00,2
52.90,1327
52.94,17
50.00,16
0.00,17
73.49,166
0.00,53
0.00,23
84.66,189
35.71,14
0.00,38
0.00,5
0.00,2
100.00,4
0.00,6
15.38,39
0.00,19
0.00,29
23.81,21
0.00,17
0.00,267
0.00,53
35.39,243
0.00,34
0.00,31
32.46,191
0.00,14
13.64,22
93.62,47
0.00,14
100.00,2
0.00,1088
1.15,12165
0.00,2
0.00,21
0.00,4
0.00,22
30.43,23
0.00,2
0.00,3
100.00,4
23.81,21
0.00,2
0.00,308
0.00,78
0.00,31
0.00,14
0.00,2
33.33,24
70.59,17
0.00,17
40.23,261
0.00,53
0.00,23
7.41,81
50.00,14
35.71,14
0.00,45
0.00,122
76.73,2398
66.67,18
0.00,8
38.18,55
84.42,77
0.00,2
0.00,19
0.00,3
0.00,4
28.57,7
0.00,2
97.35,264
17.05,88
0.00,11
0.00,2
0.00,2
11.49,1297
0.00,18
29.41,17
29.41,17
13.54,192
0.00,53
6.45,62
33.82,136
0.00,14
0.00,30
0.00,5
0.00,2
0.00,5
0.00,12
100.00,2
0.00,6
0.00,4
0.00,6
0.00,18
0.00,23
0.00,15
0.00,2
0.00,19
0.00,2
31.67,60
0.00,4
0.00,2
57.87,712
0.00,2
100.00,4
0.00,16
36.67,30
57.69,26
33.33,9
34.10,217
0.00,4
0.00,2
55.88,34
100.00,5
69.53,2409
100.00,2
100.00,6
100.00,22
0.00,4
97.78,135
100.00,11
81.82,33
29.88,241
46.81,47
6.15,65
0.00,8
0.00,5
0.00,2
68.85,61
67.79,4936
100.00,11
81.82,11
0.00,1
100.00,6
100.00,7
100.00,25
40.00,10
36.59,41
100.00,21
0.00,3
0.00,3
17.65,17
62.77,94
57.79,1573
100.00,5
12.87,101
100.00,6
0.00,39
100.00,11
100.00,2
42.86,14
8.16,49
0.00,5
100.00,3
75.00,4
100.00,8
75.00,8
13.95,43
100.00,2
100.00,25
0.00,2
64.71,17
0.00,49
1.18,509
0.00,3
0.00,19
0.00,5
22.08,154
38.33,600
100.00,3
0.00,4
25.00,4
0.00,5
61.45,633
71.43,77
0.00,65
0.00,4
0.00,5
90.63,32
81.22,6027
0.00,11
50.00,8
100.00,3
100.00,5
0.00,6
0.00,3
0.00,16
82.61,23
64.18,2549
40.74,27
57.14,21
0.00,17
59.21,277
0.00,53
0.00,23
58.29,187
0.00,13
0.00,8
6.25,48
0.00,150
0.00,5
0.00,4
100.00,4
100.00,6
0.00,2
0.00,12
0.00,8
29.73,37
54.55,11
100.00,3
0.00,2
100.00,30
36.36,11
0.00,46
0.00,19
50.00,4
0.00,2
88.79,651
28.71,101
0.00,6
0.00,47
0.00,5
62.50,8
0.00,15
100.00,4
81.25,16
29.03,31
60.00,15
100.00,6
41.59,3684
74.22,128
100.00,3
0.00,13
75.38,65
96.72,61
33.33,6
100.00,4
96.55,87
89.16,1319
70.59,17
0.00,8
0.00,17
72.62,168
0.00,53
0.00,23
80.43,92
0.00,8
0.00,5
100.00,6
56.25,16
20.00,40
100.00,6
96.55,29
100.00,23
73.91,46
97.73,44
0.00,19
0.00,375
0.00,54
20.83,24
0.00,4
0.00,7
56.59,14768
80.00,10
50.00,8
0.00,3
0.00,9
16.55,290
14.47,76
28.95,38
14.29,14
0.00,20
29.41,17
24.75,202
0.00,2
0.00,63
0.00,4
0.00,8
0.00,19
0.00,15
72.31,65
36.39,676
0.00,4
0.00,8
91.67,12
0.00,4
0.00,7
0.00,26
0.00,2
0.00,15
0.00,8
0.00,17
0.00,188
0.00,53
0.00,23
35.71,14
79.95,369
100.00,2
100.00,30
100.00,4
0.00,19
0.00,2
55.86,222
59.62,52
60.00,10
0.00,9
0.00,5
84.83,356
67.52,3368
0.00,3
0.00,6
100.00,10
0.00,4
92.00,25
100.00,2
0.00,2
0.00,10
88.89,27
100.00,5
50.00,4
80.00,15
80.00,10
0.00,24
0.00,2
40.00,15
5.19,135
18.12,138
39.29,28
100.00,10
25.00,16
54.17,672
60.74,1159
100.00,17
100.00,4
0.00,6
100.00,5
80.00,10
0.00,44
0.00,2
0.00,9
0.00,10
0.00,5
90.34,321
100.00,31
0.00,6
79.45,73
100.00,2
100.00,4
78.95,76
100.00,27
93.75,32
0.00,4
100.00,30
0.00,5
100.00,13
78.50,307
82.95,88
0.00,4
78.05,123
0.00,5
100.00,17
80.00,10
80.00,5
0.00,2
32.18,376
0.00,54
11.76,34
0.00,10
0.00,5
93.88,98
47.39,31707
86.59,410
0.00,2
16.67,12
50.00,8
100.00,15
100.00,2
100.00,2
100.00,3
0.00,3
41.18,17
0.00,54
0.00,10
0.00,5
0.00,1438
0.00,22
0.00,2
0.00,13
0.00,4
0.00,348
0.00,6
0.00,24
0.00,46
0.00,2
73.81,336
0.00,15
0.00,8
100.00,17
82.53,166
0.00,53
79.41,34
83.91,87
11.43,70
0.00,10
100.00,4
0.00,5
100.00,2
90.98,133
100.00,8
85.71,14
100.00,2
90.48,21
66.28,86
53.33,15
0.00,11
0.00,19
0.00,2
87.82,197
0.00,10
0.00,5
86.00,100
0.00,5
100.00,6
90.00,30
87.10,124
100.00,2
35.71,14
100.00,2
100.00,4
100.00,30
0.00,2
11.32,53
0.00,4
0.00,49
0.00,5
0.00,18
0.00,2
94.12,170
0.00,88
0.00,10
94.74,57
0.00,5
88.89,18
62.16,37
8.57,70
50.00,6
100.00,6
0.00,2
52.05,1241
0.00,120
18.75,16
0.00,4
86.15,65
0.00,5
0.00,4
100.00,13
100.00,5
70.00,10
0.00,2
0.00,9
84.11,516
0.00,15
0.00,8
100.00,17
80.12,166
0.00,53
96.30,27
0.00,121
87.25,102
0.00,10
0.00,3
95.71,70
0.00,5
100.00,18
0.00,4
100.00,5
100.00,2
0.00,4
0.00,2
0.00,19
0.00,4
75.72,1429
52.94,17
0.00,8
82.35,17
71.51,179
0.00,53
20.56,248
84.62,26
29.63,27
76.34,93
0.00,10
94.17,103
0.00,5
0.00,2
0.00,1
0.00,3
90.48,21
86.67,30
100.00,9
100.00,4
100.00,5
100.00,3
100.00,6
0.00,19
18.18,11
8.15,184
0.00,127
0.00,15
0.00,4
0.00,5
0.00,74
0.00,5
0.00,19
0.00,9
0.00,10
0.00,5
0.00,118
0.00,6
0.00,25
0.00,5
0.00,66
0.00,4
0.00,2
0.00,4
0.00,106
0.00,2
0.00,106
0.00,15
0.00,30
0.00,2
0.00,2
0.00,6
0.00,4
0.00,2
60.00,10
0.00,5
50.40,248
54.69,501
100.00,12
100.00,2
100.00,4
0.00,2
72.22,18
0.00,8
0.00,17
32.63,190
0.00,53
0.00,27
38.67,181
74.19,62
10.20,98
0.00,10
0.00,27
47.27,220
38.62,5810
50.00,4
0.00,2
0.00,3
47.06,17
36.00,25
100.00,4
0.00,6
100.00,5
100.00,2
75.00,8
92.31,13
82.61,23
0.00,2
0.00,19
0.00,6
0.00,4
66.22,74
51.22,123
100.00,2
100.00,7
0.00,12
100.00,2
0.00,15
0.00,8
0.00,17
0.00,188
0.00,53
0.00,23
0.00,65
0.00,11
0.00,17
0.00,642
0.00,13
0.00,2
0.00,19
0.00,71
89.78,186
84.09,44
0.00,5
0.00,148
0.00,4
0.00,19
0.00,15
0.00,2
0.00,11
0.00,164
0.00,6
9.09,176
0.00,29
0.00,5
0.00,16
0.00,11
0.00,4
0.00,5
0.00,2
0.31,1287
0.00,15
0.00,8
0.00,17
0.00,146
0.00,23
0.00,13
0.00,184
0.00,3
0.00,25
0.00,6
0.00,60
0.00,136
0.00,4
0.00,10
0.00,22
0.00,2
0.00,43
0.00,100
0.00,62
0.00,2
0.00,5
0.00,4
0.00,75
0.00,8
0.00,4
0.00,38
0.00,6
0.00,29
0.00,2
0.00,2
0.00,11
0.00,88
0.00,93
0.00,301
0.00,10
0.25,786
1.94,155
0.00,10
0.00,4
0.00,2
0.00,94
0.00,6
0.00,7
3.85,26
0.00,67
0.00,4
0.00,15
0.00,150
0.00,2
0.00,14
0.00,4
0.00,9
0.00,27
0.00,47
0.00,2
0.00,91
0.00,9
0.00,4
0.00,34
0.00,15
0.00,536
0.00,6
0.00,24
0.00,2
0.00,3
0.00,9
0.00,2
8.82,34
47.06,17
100.00,4
12.90,31
15.79,19
0.00,8
0.00,9
0.00,9
0.00,6
0.00,6604
0.00,6
0.00,6
0.00,6
0.00,20
0.00,8
0.00,17
0.00,202
0.00,53
0.00,23
43.53,170
0.00,6
26.93,3710
100.00,25
100.00,4
100.00,2
0.00,12
9.52,42
0.00,11
0.00,29
0.00,48
0.00,19
85.71,14
16.42,67
28.95,38
0.00,17
29.41,17
26.60,188
0.00,8
0.00,2
0.00,19
35.29,136
6.00,50
0.41,1208
4.35,138
0.00,15
0.00,8
0.00,17
0.00,192
0.00,53
0.00,38
0.00,11
18.97,58
0.00,2
0.00,10
0.00,3
0.00,67
0.00,19
0.00,19
0.00,3
0.00,4
0.00,51
29.41,34
0.00,10
0.00,17
0.00,188
0.00,53
0.00,46
0.91,110
0.00,2
0.00,59
0.00,8
0.00,9
0.00,26
0.00,300
0.00,2
0.00,4
0.00,19
0.00,2
0.00,9
0.00,10
0.00,611
0.00,53
0.00,19
0.29,2729
12.50,32
0.00,10
0.00,17
0.00,170
0.00,53
1.85,162
0.00,34
11.19,134
0.00,22
0.00,9
0.00,10
0.00,162
0.00,5
0.00,2
0.00,6
5.56,36
0.00,6
0.00,6
0.00,4
0.00,27
0.00,18
0.00,24
0.00,2
0.00,19
0.00,11
0.00,2
0.00,149
0.00,10
0.00,310
0.00,8
0.00,21
0.00,44
80.00,20
0.00,2
49.62,391
53.90,423
44.71,21448
0.00,22
47.06,17
0.00,17
0.00,234
0.00,53
0.00,23
1.23,163
12.24,49
0.00,95
0.00,14
0.00,5
0.00,47
72.22,54
0.00,45
0.00,5
42.86,77
100.00,11
0.00,2
100.00,5
100.00,2
100.00,18
0.00,1
0.00,25
0.00,4
100.00,9
83.33,12
0.00,9
30.77,13
100.00,6
100.00,7
0.00,4
25.00,12
70.00,10
60.00,10
31.58,38
77.27,44
73.08,26
0.00,31
44.79,96
0.00,19
0.00,3
59.26,27
0.00,2
65.45,2431
0.00,15
0.00,8
0.00,17
0.00,166
0.00,53
26.92,26
1.09,92
0.00,8
0.00,5
0.00,45
0.00,5
0.00,3
100.00,4
100.00,4
0.00,6
0.00,2
56.25,16
75.00,4
68.42,19
18.18,33
22.22,36
89.13,46
0.00,19
91.67,12
62.22,180
92.00,50
0.00,6
0.00,5
100.00,4
75.00,8
0.00,7
25.00,28
70.59,17
41.18,17
26.51,166
0.00,53
63.33,30
80.58,103
60.99,487
100.00,3
100.00,6
45.00,40
0.00,19
0.00,2
0.00,6
40.39,3075
30.25,238
65.12,43
100.00,2
100.00,4
0.00,6
0.00,4
6.98,5398
100.00,2
0.00,2
0.00,1279
4.26,5475
0.00,657
75.00,4
0.00,2
0.00,39
0.00,5
33.40,488
19.04,4644
46.38,470
37.73,6864
5.98,5771
100.00,4
100.00,4
78.57,14
100.00,38
0.00,16
0.00,3
64.71,17
26.57,2800
0.00,2
0.00,1045
4.71,4692
0.00,153
75.00,4
0.00,2
100.00,13
99.80,1512
0.00,5
35.29,34
21.36,707
70.00,40
43.47,819
0.00,1
0.00,6
50.00,4
91.67,12
63.21,1033
88.10,84
100.00,2
63.27,49
100.00,2
100.00,7
60.20,7903
35.09,285
35.02,8539
60.73,713
30.61,147
26.68,20902
100.00,8
50.00,4
91.67,12
26.55,113
0.00,18
0.00,4
100.00,2
0.00,5
100.00,35
41.23,1254
28.72,94
100.00,4
100.00,2
100.00,4
100.00,19
0.00,10
0.00,7
88.89,9
58.62,29
6.18,340
0.00,3
0.00,1
0.00,17
0.00,8
60.00,5
0.00,45
0.00,4
0.00,12
0.00,44
0.00,10
0.00,2
0.00,2
24.83,145
0.00,15
0.00,8
82.35,17
63.25,166
0.00,53
73.08,26
0.00,8
0.00,22
0.00,5
15.28,72
0.00,19
70.23,2143
9.88,81
0.00,31
26.32,19
0.00,17
0.00,188
0.00,53
0.00,46
63.19,182
0.00,139
40.91,22
0.00,2
0.00,60
76.06,71
0.00,8
0.00,5
0.00,3
3.45,87
0.00,7
0.00,11
0.00,19
0.00,5
0.00,2
2.86,1606
70.59,17
0.00,12
0.00,17
27.89,190
0.00,53
0.00,109
0.00,39
5.17,174
0.00,21
0.00,10
75.00,12
0.00,5
0.00,11
0.00,42
60.00,5
0.00,37
26.53,98
0.00,2
75.00,8
0.00,3
30.95,42
0.00,4
59.47,607
80.00,15
0.00,8
82.35,17
74.70,166
0.00,53
84.62,26
1.72,116
0.00,8
100.00,12
0.00,9
0.00,7
22.98,161
0.00,2
75.00,8
0.00,7
35.71,14
0.00,19
25.00,8
5.74,122
0.00,31
0.00,10
0.00,17
0.00,188
0.00,53
0.00,46
0.00,2
0.00,59
0.00,8
0.00,8
0.00,5
0.00,42
0.00,47
0.00,36
0.00,19
0.00,2
85.71,49
71.15,1709
50.00,28
0.00,10
100.00,17
86.98,192
0.00,53
100.00,52
71.14,149
92.86,14
70.97,31
31.58,38
80.56,72
100.00,5
0.00,8
0.00,2
100.00,2
0.00,9
0.00,10
100.00,2
50.00,8
0.00,12
95.83,72
0.00,5
78.57,14
40.00,5
84.00,25
0.00,9
0.00,32
0.00,130
66.67,9
100.00,19
97.73,44
0.00,48
0.00,2
0.00,15
0.00,8
82.35,17
63.25,166
0.00,53
58.82,34
15.38,26
0.00,38
0.00,77
0.00,10
89.92,119
79.30,488
64.29,14
95.65,23
100.00,4
100.00,3
0.00,19
75.79,1999
13.10,84
0.00,31
66.67,15
76.47,17
79.79,188
0.00,53
91.30,46
80.23,177
100.00,2
87.88,66
0.00,10
0.00,2
77.78,27
72.22,36
89.10,156
0.00,5
83.33,6
0.00,2
0.00,64
70.37,27
4.67,107
0.00,47
0.00,8
83.08,65
100.00,2
88.89,18
100.00,38
97.73,44
0.00,2
0.00,11
0.00,19
0.00,2
72.78,1194
0.00,26
0.00,10
74.53,106
0.00,17
11.70,188
0.00,53
0.00,31
92.06,189
100.00,5
0.00,9
55.00,20
0.00,8
0.00,9
33.71,89
92.00,25
0.00,93
100.00,2
75.00,8
0.00,6
64.29,14
0.00,2
0.00,19
0.00,8
0.00,2
0.00,26
0.00,10
0.00,17
0.00,146
0.00,24
0.00,25
0.00,9
0.00,46
0.00,8
79.33,300
90.00,10
0.00,89
75.00,8
100.00,5
0.00,2
0.00,15
0.00,8
0.00,17
0.00,166
0.00,53
0.00,23
0.00,111
0.00,14
0.00,10
0.00,9
77.91,86
18.17,1222
0.00,30
0.00,38
10.53,19
80.00,10
0.00,2
0.00,19
0.00,4
40.82,343
11.43,70
32.14,28
0.00,10
0.00,17
32.74,168
0.00,53
0.00,31
63.16,95
0.00,9
0.00,10
100.00,15
0.00,5
100.00,2
0.00,7
0.00,3
100.00,13
0.00,61
80.00,10
100.00,5
0.00,2
0.00,11
0.00,19
0.00,2
2.00,50
55.27,2703
11.43,70
0.00,40
63.16,19
0.00,17
42.37,236
0.00,53
0.00,46
21.74,230
81.00,200
48.72,39
0.00,2
0.00,60
0.00,10
59.26,81
82.63,167
100.00,1
0.00,3
100.00,2
100.00,19
0.00,76
0.00,59
0.00,36
87.50,24
100.00,2
100.00,7
100.00,2
75.00,12
16.67,12
0.00,11
0.00,2
0.00,29
18.18,11
0.00,2
70.95,833
0.00,15
0.00,8
0.00,17
0.00,156
0.00,53
0.00,23
55.28,123
0.00,10
0.00,11
78.87,71
0.00,9
0.00,64
100.00,13
0.00,49
0.00,38
0.00,34
80.00,10
100.00,5
0.00,2
0.00,19
57.23,519
64.76,105
0.00,8
0.00,5
0.00,2
0.00,7
0.00,48
100.00,5
0.00,98
26.67,15
0.00,8
100.00,32
0.00,2
100.00,6
75.90,863
0.00,26
0.00,10
0.00,17
0.00,146
0.00,24
74.36,117
0.00,25
0.00,9
0.00,10
71.20,184
0.00,5
92.59,27
0.00,14
56.48,108
0.00,2
100.00,4
100.00,5
100.00,2
72.22,18
100.00,23
0.00,49
0.00,2
0.00,15
0.00,8
0.00,17
0.00,153
0.00,16
0.00,68
0.00,25
0.00,8
56.01,291
0.00,4
0.00,74
0.00,2
52.81,392
0.00,15
0.00,8
0.00,17
0.00,166
0.00,53
0.00,23
0.00,8
0.00,22
0.00,3
0.00,9
0.00,147
100.00,4
0.00,19
69.43,1626
13.10,84
79.09,110
0.00,6
100.00,5
88.24,17
0.00,26
78.08,73
100.00,2
56.25,16
28.57,7
100.00,19
91.67,48
0.00,2
0.00,11
0.00,2
0.00,2
67.64,2188
13.10,84
52.94,17
0.00,8
0.00,17
48.82,170
0.00,53
0.00,23
81.55,103
0.00,2
97.67,86
100.00,3
0.00,2
56.25,16
0.00,4
100.00,8
100.00,19
89.58,48
0.00,11
0.00,19
83.33,6
0.00,2
0.00,6
78.27,359
100.00,2
100.00,26
66.98,106
84.62,13
13.33,15
46.67,15
0.00,8
0.00,17
38.69,168
0.00,53
0.00,23
0.00,6
87.01,1047
100.00,4
97.22,36
100.00,7
100.00,3
50.00,4
100.00,34
35.00,20
100.00,4
0.00,19
73.33,105
0.00,8
94.29,578
0.00,5
91.30,23
100.00,4
66.67,6
56.25,16
11.11,18
100.00,19
97.73,44
0.00,2
80.05,2341
16.51,109
0.00,8
0.00,45
0.00,5
0.00,5
0.00,3
100.00,25
100.00,4
100.00,6
81.82,22
96.88,32
68.18,22
75.00,8
100.00,6
7.14,28
100.00,8
100.00,23
0.00,11
94.00,50
0.00,6
0.00,5
82.38,732
100.00,30
64.52,31
0.00,7
96.15,26
50.00,12
17.39,23
94.12,34
79.49,39
90.91,44
64.75,783
0.00,14
0.00,12
0.00,45
0.00,5
100.00,4
75.00,8
100.00,11
27.45,51
24.09,274
0.00,8
0.00,5
67.39,276
100.00,19
0.00,10
33.33,9
0.00,8
71.28,94
0.00,6
0.00,92
0.00,88
0.00,6
0.00,2
0.00,301
0.00,12
0.00,2
0.00,73
0.00,6
0.00,22
0.00,6
0.00,2
0.00,2
0.00,4
80.49,205
0.00,88
0.00,5
33.33,93
75.00,8
0.00,5
55.56,18
0.00,8
0.00,17
63.86,166
0.00,53
0.00,23
77.68,112
0.00,6
6.25,48
74.40,922
0.00,63
0.00,4
75.00,4
36.67,30
100.00,25
88.24,51
0.00,2
0.00,19
0.00,18
0.00,12
0.00,17
0.00,191
0.00,53
0.00,23
15.60,109
0.00,6
0.00,6
0.00,5
0.00,2
0.00,47
0.28,1418
100.00,2
0.00,4
0.00,6
0.00,34
0.00,29
0.00,25
0.00,19
0.00,5
0.00,18
0.00,8
0.00,17
0.00,170
0.00,53
0.00,23
18.26,115
3.06,98
0.00,8
0.00,843
0.00,2
0.00,61
0.00,6
0.00,5
0.00,18
0.00,4
0.00,15
0.00,2
0.00,19
0.00,4
79.79,668
0.00,97
0.00,6
0.00,50
0.00,5
100.00,4
100.00,4
51.61,31
100.00,11
42.86,35
89.13,46
0.00,6
91.09,774
100.00,5
100.00,3
100.00,32
100.00,3
100.00,15
75.00,8
100.00,5
16.67,12
100.00,4
97.92,48
0.00,6
91.16,147
100.00,2
56.25,16
75.00,8
11.76,17
80.60,67
75.61,82
11.43,70
0.00,8
100.00,5
79.23,3047
87.88,33
100.00,3
100.00,2
20.00,5
100.00,8
92.31,26
100.00,38
56.25,16
75.00,8
15.00,40
0.00,6
100.00,6
100.00,24
94.00,50
0.00,11
0.00,2
0.00,2
0.00,6
0.00,1
0.00,5
73.58,545
90.91,11
100.00,4
100.00,4
80.00,10
75.00,8
54.55,11
10.53,19
100.00,2
94.00,50
83.63,1081
13.10,84
81.19,101
0.00,6
0.00,5
84.62,26
100.00,4
100.00,8
75.00,8
100.00,10
14.29,14
100.00,19
63.16,19
8.00,50
0.00,11
0.00,2
0.00,2
87.22,618
17.05,88
8.86,79
0.00,6
100.00,5
92.86,14
100.00,32
100.00,2
56.25,16
75.00,8
11.76,17
100.00,4
94.12,34
79.49,39
97.92,48
0.00,11
0.00,2
0.00,2
80.52,77
0.00,6
88.62,615
100.00,6
0.00,3
100.00,4
100.00,6
37.50,16
75.00,8
10.53,19
97.92,48
0.00,6
75.59,340
90.91,22
0.00,3
0.00,15
56.25,16
0.00,5
10.53,19
100.00,4
0.00,15
0.00,12
0.00,17
0.00,166
0.00,53
0.00,26
52.70,148
0.00,8
0.00,9
0.00,1030
0.00,3
0.00,1
0.00,50
0.00,2
0.00,63
0.00,58
0.00,2
0.00,4
0.00,2
0.00,44
0.00,19
0.00,6
0.00,133
0.00,8
0.00,87
0.00,15
0.00,12
0.00,17
0.00,153
0.00,16
0.00,25
0.00,8
0.00,121
0.00,6
0.00,15
0.00,8
0.00,17
0.00,166
0.00,53
0.00,34
0.00,83
0.00,114
0.00,9
0.00,19
0.00,99
0.00,10
0.00,15
0.00,12
0.00,17
0.00,158
0.00,53
0.00,23
1.37,146
0.00,39
0.00,10
0.00,41
0.00,736
0.00,37
0.00,19
0.00,13
0.00,2
0.00,36
66.67,12
0.00,10
0.00,3
0.00,19
0.00,11
0.00,17
0.00,8
0.00,17
0.00,166
0.00,53
0.00,34
0.00,119
0.00,10
0.00,9
0.00,5
0.00,1358
0.00,7
0.00,26
0.00,15
0.00,2
0.00,45
0.00,23
0.00,8
0.00,17
0.00,6
0.00,12
0.00,19
0.00,2
0.00,2
0.00,42
0.00,6
100.00,3
0.00,81
0.00,559
0.00,19
66.67,18
27.27,11
0.00,2
76.07,351
0.00,6
0.00,5
0.00,5
100.00,4
58.33,12
56.25,16
11.11,18
100.00,21
80.00,15
0.53,1332
0.00,128
0.00,6
0.00,5
0.00,5
0.00,64
0.00,4
0.00,6
0.00,26
0.00,19
0.00,43
0.00,2
0.00,2
87.36,174
0.00,10
0.00,1
81.82,11
0.00,5
0.00,38
70.00,10
100.00,4
0.96,4183
13.46,156
0.00,10
0.00,8
3.83,235
0.00,31
0.00,5
0.00,2
0.00,15
0.00,6
25.64,39
0.00,9
0.00,25
0.00,2
0.00,4
0.00,7
0.00,13
0.00,16
0.00,31
0.00,2
0.00,2
0.00,12
0.00,17
0.00,56
0.00,52
0.00,4
0.00,36
0.00,324
0.00,6
0.00,15
0.00,8
0.00,17
0.00,166
0.00,53
0.00,26
0.00,10
0.00,214
0.00,621
0.00,12
0.00,2
0.00,12
0.00,4
0.00,19
0.35,4915
0.00,15
0.00,13
0.00,17
0.00,166
0.00,53
0.00,30
1.18,170
0.00,125
0.00,10
0.00,341
0.00,5
0.00,2
0.00,14
0.00,6
0.00,5
0.00,12
0.00,17
0.00,2
0.00,19
0.00,19
0.00,2
5.07,828
44.64,112
31.58,19
0.00,10
22.94,109
0.00,5
48.15,27
0.00,13
0.00,10
0.00,6
0.00,25
0.00,4
26.35,888
3.16,95
0.00,10
0.00,74
0.00,5
0.00,24
0.00,15
0.00,153
0.00,2
0.00,2
0.00,14
0.00,2
0.00,2
66.67,6
0.00,4
100.00,2
0.00,12
2.78,72
0.00,6
0.00,5
48.66,3013
66.67,6
66.67,9
100.00,6
100.00,28
53.33,30
100.00,4
20.00,10
22.22,36
35.48,31
0.00,3
0.00,17
12.50,24
69.23,13
0.00,17
25.89,224
0.00,53
0.00,23
0.00,23
45.71,420
0.00,5
0.00,19
0.00,2
66.52,224
100.00,6
100.00,2
0.00,10
0.00,6
62.50,8
79.69,128
36.84,19
5.91,1033
39.53,2492
0.00,23
0.00,29
0.00,78
59.88,658
0.00,67
0.00,32
23.88,1089
9.86,71
46.25,160
0.00,1
0.00,32
48.15,81
40.79,1216
0.00,19
41.67,12
64.71,17
38.76,178
0.00,53
60.00,30
6.19,97
0.00,8
0.00,20
100.00,366
0.00,13
0.00,2
75.00,4
0.00,4
0.00,30
0.00,49
0.00,6
75.00,8
100.00,4
0.00,2
0.00,19
0.00,17
0.00,8
0.00,17
0.00,168
0.00,53
0.00,23
5.44,294
0.00,8
0.00,19
89.48,1017
0.00,39
0.00,6
0.00,3
0.00,5
0.00,2
0.00,5
100.00,4
100.00,6
94.12,17
50.00,12
35.29,68
100.00,11
0.00,5
88.62,492
52.94,17
0.00,8
0.00,17
66.48,182
0.00,53
0.00,23
0.00,19
0.00,6
0.00,5
100.00,6
25.00,16
96.55,29
100.00,25
57.14,7
95.45,44
0.00,19
81.55,1610
82.35,17
0.00,8
82.35,17
66.67,192
0.00,53
56.41,39
33.33,168
0.00,106
50.00,24
0.00,14
100.00,13
78.92,166
0.00,5
66.67,6
100.00,13
14.06,64
93.22,59
100.00,4
24.00,25
56.67,60
100.00,4
75.00,8
85.71,14
100.00,6
28.57,7
100.00,27
93.18,44
0.00,2
0.00,19
41.67,12
71.26,87
50.28,533
0.00,2
100.00,21
0.00,1
0.00,2
0.00,15
0.00,8
0.00,17
0.00,156
0.00,53
0.00,25
0.00,10
25.00,8
0.00,45
0.00,1003
0.00,4
0.00,37
0.00,2
0.00,19
0.00,15
0.00,8
0.00,17
0.00,166
0.00,53
0.00,23
0.00,11
0.00,12
0.00,8
0.00,12
0.00,622
0.00,11
0.00,11
0.00,25
0.00,2
0.00,19
0.00,92
0.00,11
0.00,10
0.00,32
0.00,624
0.00,67
0.00,2
0.00,50
0.00,6
0.00,23
0.00,2
0.00,2
0.00,13
0.00,500
0.00,623
0.00,28
0.00,10
0.00,17
0.00,166
0.00,53
0.00,26
0.00,131
42.86,14
0.00,18
0.00,12
20.69,29
0.00,1
0.00,19
0.00,104
0.00,422
0.00,8
0.00,14
5.88,187
62.32,1818
50.00,6
40.00,15
67.74,31
0.00,1
77.97,1589
0.00,8
0.00,5
0.00,5
100.00,2
100.00,11
0.00,4
94.44,18
100.00,36
75.00,4
75.00,4
68.75,16
29.03,31
0.00,19
36.36,11
100.00,4
0.00,5
82.37,431
64.55,110
0.00,6
0.00,5
100.00,4
100.00,6
75.00,4
100.00,18
10.53,19
100.00,4
73.75,560
3.57,84
0.00,6
0.00,6
0.00,48
0.00,5
87.50,8
100.00,4
76.92,13
0.00,12
31.82,22
100.00,6
53.33,15
0.00,11
0.00,2
0.00,2
87.95,498
41.18,17
0.00,8
0.00,17
59.04,166
0.00,53
0.00,23
0.00,6
0.00,5
75.00,8
65.00,20
100.00,4
95.45,44
0.00,19
0.84,836
0.00,117
0.00,6
0.00,5
0.00,8
0.00,4
0.00,2
0.00,26
0.00,22
0.00,5
0.00,14
0.00,19
0.00,48
74.46,1292
82.22,90
0.00,6
0.00,50
100.00,5
0.00,5
100.00,6
100.00,6
75.00,4
100.00,11
11.76,34
100.00,2
100.00,19
0.00,3
0.00,6
0.00,2
72.83,184
50.00,4
85.00,20
75.00,8
28.57,7
95.45,44
42.62,122
0.00,8
0.00,5
0.00,48
13.38,3572
0.00,2
80.00,5
50.00,8
0.00,11
0.00,4
0.00,19
0.00,12
12.77,47
26.09,23
0.00,24
0.00,7
48.00,50
0.00,8
0.00,5
0.00,2
3.34,2905
0.00,8
0.00,11
15.38,13
0.00,4
0.00,36
0.00,4
22.58,31
54.55,11
1.14,1490
9.48,116
0.00,14
0.00,4
0.00,5
0.00,4
0.00,6
0.00,16
0.00,46
0.00,2
0.00,14
0.00,2
0.00,470
0.00,12
0.00,4
0.00,33
87.93,58
75.00,8
0.00,56
78.38,2475
100.00,2
86.67,15
35.71,56
100.00,12
0.00,3
95.45,22
0.00,15
0.00,8
0.00,17
0.00,166
0.00,53
0.00,26
21.43,126
0.00,5
0.00,44
0.00,19
56.10,41
0.00,2
0.00,4
56.14,228
100.00,9
100.00,4
0.00,13
0.00,38
0.00,2
89.47,38
57.14,7
0.00,15
0.00,3
0.00,1
37.50,24
0.00,5
0.00,28
0.00,13
0.00,5
1.38,434
0.00,17
0.00,9
0.00,18
0.00,166
0.00,53
0.00,35
23.53,102
17.39,23
0.00,72
0.00,10
0.00,91
0.00,5
100.00,4
0.00,25
0.00,13
0.00,10
0.00,19
0.00,19
0.00,19
64.24,330
79.17,24
56.46,2143
58.54,82
9.88,81
0.00,6
0.00,7
100.00,25
100.00,7
100.00,11
5.41,37
91.67,48
0.00,11
0.00,2
0.00,2
0.00,7
0.00,6
0.00,254
0.00,23
0.00,12
0.00,12
0.00,24
0.00,4
24.06,1434
57.14,7
0.00,6
0.00,5
8.00,25
0.00,4
0.00,12
0.00,37
57.14,42
17.39,46
8.33,48
0.00,109
0.00,14
0.00,61
0.00,539
0.00,2
0.00,2
0.00,4
0.00,20
0.00,6
0.00,484
0.00,27
0.00,14
0.00,19
0.00,44
6.96,158
0.00,60
0.00,6
0.00,5
0.00,45
0.00,2884
0.00,234
0.00,9
0.00,8
0.00,2
0.00,7
0.00,23
0.00,6
0.00,29
0.00,31
0.00,19
0.00,50
0.00,6
0.00,2
0.08,2589
3.57,84
3.11,225
0.00,6
0.00,5
0.00,232
0.00,66
0.00,6
0.00,4
0.00,4
0.00,26
0.00,29
0.00,38
0.00,11
0.00,44
0.00,2
0.00,11
0.00,2
0.00,2
0.00,15
0.00,12
0.00,17
0.00,193
0.00,53
0.00,38
0.00,66
0.00,2
0.00,10
0.00,266
0.00,25
0.00,8
0.00,7
0.00,5
0.00,21
0.00,39
0.00,2
0.00,5
0.00,2
0.00,62
0.00,6
0.00,25
0.00,44
0.00,19
12.22,90
0.00,6
0.00,45
47.00,817
0.00,4
86.67,15
81.25,16
28.57,14
100.00,2
85.19,27
0.00,35
0.00,2
46.25,413
0.00,2
0.00,5
82.92,3045
100.00,23
42.86,21
0.00,3
90.48,21
47.73,88
93.75,32
0.00,11
0.00,32
88.89,36
0.00,11
69.23,26
47.62,21
40.00,10
100.00,5
76.47,85
0.00,39
0.00,8
96.15,26
0.00,6
0.00,5
0.00,5
33.33,15
0.00,17
0.00,8
0.00,23
19.16,167
0.00,53
33.87,124
0.00,2
0.00,19
0.00,8
0.00,15
0.00,17
0.00,166
0.00,53
0.00,23
0.00,15
0.00,59
0.00,58
7.46,67
0.00,8
0.00,9
77.55,686
100.00,4
100.00,4
70.00,10
64.71,34
100.00,14
52.63,19
28.57,7
100.00,19
0.00,11
0.00,19
0.00,8
0.00,2
1.59,503
0.00,17
0.00,8
0.00,17
0.00,166
0.00,53
0.00,23
5.94,101
0.00,6
0.00,45
0.00,5
0.00,20
0.00,19
0.00,22
0.00,19
0.00,15
0.00,78
0.00,91
73.14,1128
57.14,7
100.00,4
0.00,3
33.33,18
0.00,32
40.79,76
80.00,40
0.00,1
100.00,15
38.10,21
100.00,17
77.71,175
0.00,53
68.42,38
88.75,160
0.00,8
43.97,1069
73.28,116
100.00,4
0.00,8
87.50,8
0.00,19
100.00,2
0.00,2
55.77,52
66.67,9
100.00,18
0.00,13
0.00,56
33.23,650
0.00,6
0.00,9
0.00,2
0.00,15
0.00,8
0.00,17
0.00,188
0.00,53
0.00,46
0.00,78
0.00,2
2.33,258
0.00,254
0.00,19
0.00,65
13.78,341
0.00,15
38.10,21
0.00,17
5.42,166
0.00,53
0.00,23
22.22,9
0.00,8
66.67,3
50.44,795
0.00,1
75.00,4
0.00,3
35.29,17
0.00,19
83.33,6
0.00,2
12.50,184
80.43,92
91.43,175
100.00,5
0.00,4
50.00,22
0.00,5
0.00,6
0.00,13
0.00,19
0.00,11
0.00,2
0.00,2
2.61,2185
0.00,25
0.00,13
0.00,17
0.00,261
0.00,53
0.00,23
49.03,155
0.00,10
5.88,187
0.00,26
0.00,9
0.00,37
0.00,90
0.00,4
0.00,2
0.00,8
66.67,12
0.00,23
0.00,30
0.00,46
0.00,19
0.00,2
0.00,15
0.00,8
82.35,17
68.09,188
0.00,53
60.00,40
4.19,167
0.00,9
0.00,4
97.14,35
73.43,429
0.00,2
0.00,19
0.00,5
84.44,360
59.00,100
0.00,16
0.00,10
100.00,4
68.48,92
0.00,5
86.67,15
100.00,2
70.00,10
29.41,34
0.00,3
90.75,454
0.00,10
44.44,9
87.07,116
0.00,5
0.00,2
92.59,27
100.00,6
0.00,3
69.05,42
78.95,19
100.00,5
75.00,8
75.00,4
75.00,4
100.00,38
0.00,2
0.00,2
36.89,4074
55.56,18
0.00,12
82.35,17
75.65,193
0.00,53
69.23,39
7.06,170
22.22,36
0.00,125
0.00,10
0.00,12
63.80,395
0.00,5
19.74,76
0.00,12
100.00,6
0.00,3
81.36,59
0.00,15
97.06,170
100.00,8
40.00,5
77.78,18
100.00,4
0.00,8
37.14,35
88.57,35
0.00,4
97.73,44
0.00,5
0.00,2
0.00,19
0.00,5
3.02,1852
0.00,15
0.00,8
0.00,17
0.00,188
0.00,53
0.00,32
0.00,78
0.00,10
0.00,12
0.00,210
0.00,5
0.00,2
0.00,32
0.00,40
0.00,70
0.00,6
0.00,5
0.00,2
0.00,10
44.44,9
0.00,24
0.00,46
0.00,19
1.80,611
0.00,101
0.00,10
0.00,129
0.00,5
0.00,25
0.00,124
0.00,2
0.00,14
0.00,2
0.00,10
0.00,10
5.52,163
12.00,25
0.00,13
74.41,637
100.00,2
92.00,50
100.00,2
100.00,3
0.00,2
0.00,9
71.64,758
0.00,15
0.00,8
0.00,17
45.78,166
0.00,53
0.00,23
59.00,100
0.00,4
91.72,145
0.00,5
77.78,9
100.00,3
56.52,23
84.00,25
100.00,2
100.00,2
100.00,7
100.00,2
7.69,26
0.00,19
0.00,139
90.09,111
0.00,10
25.00,16
62.50,8
100.00,5
94.67,75
66.07,1780
0.00,2
100.00,5
90.00,30
63.08,65
100.00,2
80.00,5
100.00,13
100.00,7
0.00,2
0.00,9
0.00,15
62.50,8
0.00,17
77.48,151
0.00,16
12.30,187
47.62,21
0.00,94
0.00,25
0.00,10
59.50,400
86.67,15
28.42,95
0.00,2
0.00,2
100.00,4
100.00,2
34.48,58
0.00,9
78.21,78
62.86,70
100.00,2
54.55,11
0.00,11
0.00,11
1.16,346
0.00,11
0.00,18
27.18,1950
55.56,18
0.00,13
82.35,17
74.12,170
0.00,53
73.33,30
0.00,19
11.76,85
0.00,99
0.00,10
0.00,12
24.23,293
0.00,5
0.00,6
19.67,61
16.00,25
0.00,174
0.00,2
0.00,2
0.00,11
0.00,2
44.44,18
0.00,29
0.00,11
0.00,2
0.00,2
0.00,19
0.00,4
0.00,2
2.14,327
0.00,15
0.00,8
0.00,17
26.60,188
0.00,53
0.00,32
0.00,127
0.00,10
100.00,9
0.00,40
0.00,5
0.00,15
0.00,74
0.00,19
0.00,2
0.00,5
0.00,2
0.00,19
61.70,5481
29.17,24
80.00,25
0.00,17
49.58,238
0.00,53
0.00,23
25.86,263
54.10,122
0.00,153
0.00,10
0.00,12
0.00,51
35.59,59
0.00,157
0.00,5
0.00,27
0.00,12
100.00,4
0.00,15
0.00,4
84.62,13
0.00,42
100.00,4
100.00,2
50.00,4
0.00,3
0.00,14
90.32,31
0.00,2
89.17,1173
52.94,17
0.00,9
83.33,18
74.70,166
0.00,53
65.71,35
59.84,122
31.58,133
60.87,23
0.00,10
100.00,5
86.67,210
0.00,5
0.00,4
80.00,5
100.00,5
14.75,61
77.42,31
100.00,2
86.27,204
100.00,2
100.00,6
85.71,14
100.00,4
66.67,18
100.00,33
0.00,2
0.00,19
46.43,28
0.00,8
82.35,17
31.93,166
0.00,53
52.94,34
7.03,185
0.00,11
0.00,10
0.00,12
44.66,506
62.73,2694
100.00,12
61.22,49
0.00,11
0.00,13
0.00,28
52.63,38
100.00,2
100.00,5
100.00,7
100.00,4
72.22,18
36.11,36
63.89,36
0.00,2
0.00,2
0.00,19
83.33,6
75.15,1199
55.56,18
0.00,8
0.00,17
62.75,204
0.00,53
0.00,23
80.47,128
0.00,10
71.01,169
0.00,5
100.00,2
0.00,1
54.17,24
95.33,214
100.00,8
100.00,7
85.71,14
100.00,4
75.00,8
50.00,6
75.00,32
81.40,43
94.00,50
0.00,19
0.00,51
62.50,8
65.94,138
100.00,4
83.19,839
82.50,120
0.00,10
100.00,5
68.29,123
0.00,5
100.00,19
15.07,73
80.00,5
90.48,21
86.05,86
100.00,2
0.00,5
100.00,2
50.00,6
80.00,5
100.00,19
75.76,99
0.00,2
0.00,15
0.00,8
0.00,17
0.00,188
0.00,53
0.00,34
0.00,10
0.00,5
0.00,14
0.00,204
0.20,1487
0.00,17
0.00,6
0.00,12
0.00,11
0.00,19
0.00,2
89.43,123
0.00,10
92.73,55
0.00,5
100.00,2
100.00,13
100.00,5
83.33,12
55.43,644
5.56,144
74.32,74
29.63,27
0.00,4
88.51,87
0.00,5
100.00,13
100.00,2
100.00,5
70.00,10
56.52,46
0.00,9
11.54,104
0.00,10
64.08,142
85.93,405
100.00,2
68.75,16
92.59,27
100.00,4
83.01,153
100.00,2
100.00,2
100.00,2
50.00,6
100.00,27
53.33,15
0.00,2
0.95,1375
0.00,18
0.00,8
0.00,17
0.00,209
0.00,53
2.53,79
0.00,23
50.83,120
0.00,15
0.00,10
0.00,233
0.00,5
0.00,1
0.00,6
0.00,9
0.00,19
0.00,76
0.00,56
0.00,6
0.00,220
0.00,2
0.00,10
0.00,16
0.00,4
0.00,6
0.00,10
0.00,2
0.00,2
0.00,19
69.86,73
0.00,4
0.00,15
97.04,169
85.71,14
97.44,39
100.00,2
100.00,5
100.00,2
100.00,43
100.00,2
87.50,8
81.79,1049
10.00,160
71.83,142
0.00,9
0.00,10
0.00,5
82.80,93
0.00,5
0.00,1
100.00,2
35.00,20
6.56,61
80.69,145
100.00,2
100.00,2
35.71,14
100.00,4
100.00,2
100.00,2
0.00,2
0.00,4
0.00,15
0.00,8
0.00,17
0.00,166
0.00,53
0.00,23
11.85,135
0.00,35
0.00,11
0.00,8
0.00,9
1.96,2192
0.00,2
0.00,11
0.00,6
0.00,2
0.00,19
0.00,4
0.00,17
2.91,309
0.00,8
0.00,2
0.00,5
0.00,18
0.00,19
0.00,4
0.00,5
0.00,18
0.00,6
0.00,2
33.33,24
69.23,13
0.00,17
50.81,246
0.00,53
0.00,23
65.63,96
13.68,190
0.00,10
70.10,97
0.00,57
84.50,1329
66.67,6
62.50,8
100.00,7
78.05,41
19.05,63
92.00,25
100.00,2
90.00,10
50.00,16
100.00,2
93.18,44
0.00,2
0.00,19
52.38,21
0.00,2
85.35,2362
11.43,70
0.00,28
0.00,11
83.33,18
82.53,166
0.00,53
6.96,158
62.86,35
65.22,115
56.76,37
0.00,9
0.00,10
87.11,194
0.00,5
78.13,32
0.00,24
86.03,179
100.00,2
100.00,5
43.75,16
100.00,4
86.67,15
84.00,25
97.73,44
0.00,11
0.00,19
18.18,11
0.00,2
71.83,71
13.08,107
0.00,26
75.65,423
100.00,2
37.50,8
100.00,17
0.00,5
1.82,165
51.72,29
47.66,107
0.00,10
100.00,5
91.96,112
87.10,1240
100.00,2
0.00,20
100.00,2
100.00,2
75.00,8
80.00,10
100.00,10
0.00,4
77.62,1488
0.00,17
0.00,8
0.00,17
0.00,168
0.00,53
49.06,373
0.00,23
38.24,34
0.00,10
0.00,11
89.42,274
0.00,5
0.00,4
100.00,7
100.00,5
82.05,39
69.70,198
0.00,2
100.00,5
35.71,14
100.00,2
57.89,19
75.00,28
0.00,2
0.00,2
0.00,2
0.00,19
30.77,13
52.94,17
0.00,8
0.00,17
46.32,190
0.00,53
0.00,23
28.57,105
0.00,10
100.00,4
84.88,86
85.09,758
75.00,28
92.59,27
91.04,67
100.00,4
66.67,9
100.00,23
87.76,49
0.00,19
80.80,224
0.00,10
0.00,11
88.39,112
0.00,5
100.00,4
100.00,5
86.67,15
86.54,52
0.00,2
50.00,6
0.00,2
84.55,673
0.00,97
0.00,10
76.00,200
0.00,5
8.57,70
92.59,27
81.96,194
100.00,2
100.00,3
85.71,14
100.00,2
61.11,18
90.00,20
100.00,27
72.73,11
97.73,44
0.00,2
88.60,649
46.67,15
0.00,8
0.00,17
22.02,168
0.00,53
0.00,23
60.82,97
60.00,10
0.00,5
87.64,178
0.00,5
100.00,9
90.48,21
0.00,3
77.27,66
100.00,2
100.00,4
100.00,2
80.00,10
76.00,25
0.00,46
0.00,19
84.72,301
0.00,19
0.00,10
0.00,3
80.60,134
0.00,5
0.00,1
100.00,16
71.65,127
100.00,2
0.00,2
50.00,14
100.00,4
70.00,10
0.00,3
0.00,2
87.00,1254
0.00,84
50.00,22
8.26,121
0.00,10
84.47,309
0.00,5
90.48,21
85.64,181
100.00,2
100.00,5
43.75,16
100.00,2
73.68,19
0.00,15
83.33,6
51.59,946
0.00,15
47.06,17
83.33,18
74.36,195
0.00,53
61.11,36
30.81,185
25.00,24
62.16,111
0.00,10
73.15,216
0.00,5
88.89,9
100.00,4
86.67,15
60.35,227
100.00,2
100.00,2
31.25,16
100.00,4
75.00,8
45.45,11
0.00,19
0.00,15
89.13,46
0.00,2
0.00,19
0.00,4
0.00,2
87.95,332
0.00,10
0.00,5
0.00,5
92.96,71
0.00,5
75.00,32
100.00,9
100.00,5
100.00,12
0.00,91
0.00,4
92.41,79
67.88,576
0.00,61
100.00,15
86.67,15
87.72,57
100.00,8
100.00,3
100.00,2
75.00,8
50.00,6
100.00,8
100.00,19
63.16,19
97.92,48
0.00,2
0.00,2
77.91,163
0.00,88
0.00,4
32.00,25
0.00,5
6.25,64
100.00,13
100.00,25
0.00,2
82.89,228
0.00,88
0.00,9
11.76,68
100.00,13
100.00,4
0.00,2
93.64,1037
52.94,17
0.00,8
82.35,17
74.70,166
0.00,53
84.62,26
80.92,131
0.00,38
0.00,10
82.66,173
0.00,5
0.00,2
0.00,1
16.67,66
80.00,5
90.48,21
76.15,130
100.00,2
100.00,4
100.00,5
100.00,2
72.22,18
66.67,6
100.00,23
53.33,15
97.80,91
0.00,2
0.00,19
88.20,678
33.01,103
44.44,18
4.12,97
0.00,4
98.98,98
0.00,5
66.67,6
22.06,68
90.48,21
100.00,3
100.00,5
100.00,2
100.00,19
36.36,11
93.48,46
0.00,2
0.00,4
82.10,3403
100.00,21
0.00,8
100.00,17
88.84,215
0.00,53
75.00,52
79.49,156
8.84,181
40.74,27
0.00,10
0.00,2
100.00,5
81.58,152
0.00,8
3.17,63
100.00,2
80.00,5
92.86,42
0.00,6
100.00,4
90.48,42
33.33,150
100.00,2
35.71,14
100.00,4
73.33,30
100.00,17
100.00,2
100.00,19
100.00,8
76.77,99
0.00,2
0.00,19
64.52,31
0.00,102
0.00,11
0.00,56
0.00,10
77.24,615
37.65,85
75.00,4
54.76,42
93.06,173
100.00,8
100.00,10
85.71,14
50.00,4
0.00,8
75.00,4
86.42,81
50.00,6
100.00,27
36.36,11
93.48,46
0.00,2
0.00,15
41.67,12
82.35,17
73.49,166
0.00,53
84.62,26
69.47,131
16.41,323
22.86,35
0.00,10
0.00,12
100.00,5
68.35,158
91.47,1945
83.33,6
100.00,5
2.90,69
86.67,15
60.00,60
100.00,2
100.00,25
0.00,2
0.00,19
55.56,9
0.84,717
1.01,99
0.00,10
0.00,2
0.00,34
0.00,5
0.00,6
0.00,5
0.00,2
0.00,68
0.00,18
0.00,4
0.00,14
0.00,2
0.00,2
0.00,2
89.92,258
0.00,88
0.00,10
0.00,2
100.00,5
96.77,62
0.00,5
66.67,6
33.33,6
84.62,13
13.11,61
96.00,25
100.00,2
33.33,6
100.00,5
100.00,2
100.00,10
0.00,2
91.31,426
0.00,101
0.00,10
86.11,144
0.00,5
90.48,21
6.56,61
83.13,83
0.00,2
100.00,5
100.00,4
50.00,6
100.00,36
100.00,3
0.00,2
62.60,1698
0.00,176
9.30,86
3.70,81
0.00,10
0.00,5
74.00,250
0.00,5
94.12,34
0.00,4
60.35,227
100.00,2
100.00,9
35.71,14
50.00,4
50.00,16
44.44,9
0.00,11
0.00,2
0.00,3
38.10,21
0.00,2
79.82,327
62.43,173
6.73,104
71.43,14
0.00,10
100.00,6
0.00,5
86.67,15
88.14,59
0.00,2
0.00,2
50.94,53
100.00,2
0.00,4
0.00,52
80.00,5
68.64,118
0.00,10
69.85,524
58.88,197
100.00,2
50.00,18
50.00,4
75.00,8
74.04,104
100.00,2
85.38,171
0.00,10
0.00,5
77.27,110
0.00,5
84.62,13
100.00,6
90.20,153
100.00,2
85.71,14
100.00,2
50.00,6
100.00,15
89.13,46
0.00,2
86.86,982
55.56,18
0.00,8
0.00,17
64.29,168
0.00,53
0.00,23
23.97,121
8.00,100
0.00,10
100.00,5
0.00,12
95.20,125
0.00,5
0.00,3
92.98,57
0.00,4
97.06,34
100.00,2
100.00,8
100.00,2
72.73,11
0.00,4
100.00,29
0.00,19
0.00,5
82.53,166
0.00,10
0.00,30
81.19,101
0.00,5
71.43,7
87.86,140
100.00,2
100.00,2
85.71,14
100.00,4
40.00,5
100.00,23
84.38,2144
9.52,84
75.00,20
0.00,8
0.00,17
74.40,168
0.00,53
0.00,23
73.16,190
8.65,104
17.24,29
60.00,10
83.20,244
0.00,5
100.00,30
62.50,8
95.24,42
25.00,8
88.30,94
100.00,2
100.00,6
100.00,7
100.00,4
0.00,2
66.67,9
100.00,27
63.16,19
90.20,102
0.00,11
0.00,22
0.00,5
0.00,2
8.57,105
0.00,10
87.85,181
81.96,560
100.00,5
86.67,15
86.11,108
100.00,2
0.00,2
100.00,6
100.00,2
15.79,19
0.00,4
100.00,19
0.00,2
0.00,2
75.46,2820
11.43,70
29.17,24
0.00,8
82.35,17
75.00,168
0.00,53
19.09,220
84.62,26
0.00,13
80.52,154
0.00,10
0.00,4
100.00,5
71.97,239
0.00,5
0.00,3
80.00,5
78.38,37
80.37,219
100.00,2
33.33,6
35.71,14
100.00,2
35.00,20
100.00,6
100.00,4
86.11,36
74.29,35
0.00,11
0.00,19
0.00,3
0.00,27
0.00,2
75.00,20
0.00,8
0.00,17
80.93,215
0.00,53
4.48,223
0.00,23
44.12,34
64.22,204
11.43,70
0.00,10
100.00,4
0.00,5
86.60,209
89.96,2390
12.50,8
86.67,15
90.48,21
91.82,110
100.00,2
100.00,3
100.00,4
100.00,5
100.00,19
0.00,11
0.00,22
0.00,9
0.00,2
20.00,15
0.00,8
0.00,17
58.17,153
0.00,16
70.97,62
0.00,25
0.00,10
40.63,32
100.00,2
90.43,115
80.48,502
0.00,2
77.78,9
100.00,3
100.00,4
93.95,215
0.00,10
0.00,5
84.07,113
0.00,5
0.00,3
100.00,32
85.64,202
100.00,8
77.78,9
100.00,4
50.00,6
100.00,19
93.18,44
68.13,1371
13.10,84
0.00,15
0.00,8
82.35,17
45.78,166
0.00,53
61.76,34
59.23,130
0.00,10
0.00,5
89.39,198
0.00,5
100.00,2
86.67,15
85.19,27
100.00,2
100.00,5
68.75,16
80.00,25
0.00,11
0.00,19
100.00,6
0.00,2
66.52,3456
11.43,70
83.33,18
0.00,8
82.35,17
65.80,193
0.00,53
85.71,35
0.00,37
91.80,183
0.00,10
66.86,175
0.00,9
86.67,15
0.00,74
83.06,124
100.00,2
0.00,9
100.00,2
75.00,8
68.75,16
100.00,10
73.33,15
63.16,19
93.48,46
0.00,11
0.00,19
0.00,2
66.67,15
0.00,8
0.00,17
67.03,182
0.00,53
0.00,23
80.00,95
0.00,10
78.66,164
84.63,722
100.00,5
92.31,52
71.94,139
75.00,8
0.00,5
100.00,4
75.00,8
50.00,6
95.83,24
100.00,44
0.00,19
0.00,10
0.00,11
86.60,97
81.40,258
100.00,7
100.00,13
85.11,94
0.00,8
100.00,2
80.00,10
89.13,46
0.00,2
94.04,319
0.00,15
0.00,8
0.00,17
74.70,166
0.00,53
0.00,23
56.20,121
0.00,4
100.00,12
98.68,76
0.00,5
80.00,5
100.00,2
70.21,47
0.00,3
50.00,6
100.00,19
0.00,19
0.00,15
0.00,8
0.00,17
0.00,166
0.00,53
0.00,23
16.07,112
0.00,10
0.00,9
0.00,5
80.00,165
82.19,466
0.00,2
0.00,2
54.76,42
71.58,95
0.00,2
100.00,2
68.75,16
87.10,31
0.00,19
60.00,20
0.00,8
0.00,17
68.13,182
0.00,53
0.00,23
65.42,107
0.00,10
96.43,56
90.83,829
16.42,67
90.48,21
84.00,25
100.00,2
50.00,6
100.00,32
97.73,44
0.00,2
0.00,19
96.41,167
0.00,15
0.00,9
83.33,18
48.80,166
0.00,53
57.14,35
9.30,86
0.00,4
100.00,48
0.00,5
100.00,18
80.00,25
100.00,2
100.00,2
100.00,19
0.00,19
8.00,1100
33.33,15
0.00,8
0.00,17
19.88,166
0.00,53
0.00,23
0.83,121
0.00,19
10.38,106
0.00,10
25.00,12
42.34,137
0.00,5
61.90,21
47.37,57
0.00,8
100.00,2
75.00,8
0.00,10
14.81,27
0.00,4
0.00,19
0.00,5
60.44,551
13.10,84
0.00,10
72.14,140
0.00,5
86.67,15
0.00,83
0.00,2
50.00,4
72.22,18
100.00,2
100.00,19
53.33,15
0.00,2
0.00,15
0.00,8
0.00,17
0.00,166
0.00,53
0.00,34
2.53,79
0.00,164
0.00,2
0.00,19
0.00,62
0.00,8
0.00,465
0.00,4
0.00,30
0.00,11
0.00,4
0.00,8
0.00,16
0.00,437
0.00,4
0.00,36
0.00,2
0.00,6
0.00,2
0.00,6
89.89,544
10.14,207
0.00,15
0.00,125
0.00,4
100.00,50
0.00,5
100.00,6
90.48,21
100.00,4
100.00,5
100.00,2
100.00,6
100.00,4
100.00,33
0.00,2
55.56,9
94.68,451
0.00,10
0.00,16
95.20,125
0.00,5
100.00,6
93.10,29
100.00,8
100.00,5
100.00,2
86.67,15
77.78,9
100.00,29
0.00,2
55.56,18
0.00,8
0.00,17
42.39,184
0.00,53
0.00,23
15.63,160
66.45,152
35.48,31
0.00,10
100.00,5
65.03,143
72.80,2515
65.08,63
100.00,5
80.00,5
100.00,5
100.00,2
66.67,6
0.00,8
78.13,64
0.00,2
100.00,8
100.00,2
100.00,7
0.00,19
47.83,23
77.09,921
0.00,65
0.00,39
0.00,10
67.68,99
0.00,5
100.00,13
0.00,4
100.00,2
100.00,5
100.00,3
33.33,15
12.76,196
39.55,177
0.00,15
0.00,10
65.70,242
73.61,3149
0.00,1
0.00,6
0.00,4
74.58,59
100.00,8
90.00,10
66.67,42
0.00,6
70.00,230
100.00,2
100.00,4
31.25,16
100.00,4
100.00,2
31.58,19
100.00,6
0.00,2
72.73,22
0.00,77
0.00,11
9.71,103
0.00,10
85.22,934
80.00,5
87.50,8
100.00,10
90.48,21
82.31,147
100.00,2
33.33,6
50.00,14
100.00,4
100.00,2
46.25,80
66.67,9
75.00,4
100.00,43
0.00,2
78.57,14
49.20,439
0.00,18
0.00,8
0.00,17
0.00,192
0.00,53
0.00,26
0.00,88
0.00,17
0.00,56
20.00,10
61.70,94
0.00,9
0.00,2
15.94,69
100.00,19
0.00,21
62.59,147
0.00,2
35.71,14
100.00,2
100.00,2
100.00,6
0.00,2
0.00,2
0.00,19
0.00,15
0.00,8
82.35,17
64.89,188
0.00,53
84.62,26
8.65,104
0.00,20
5.43,129
0.00,10
0.00,24
64.34,129
66.65,1799
100.00,2
60.87,23
100.00,18
0.00,4
81.82,22
100.00,6
100.00,3
0.00,19
26.67,15
78.80,217
20.00,10
0.00,5
75.53,188
83.41,1688
73.85,65
100.00,15
0.00,4
85.33,150
100.00,2
100.00,2
0.00,9
100.00,4
100.00,2
100.00,3
53.33,15
83.33,6
54.32,162
7.69,117
21.05,19
80.00,10
0.00,5
0.00,2
83.56,225
62.85,4506
0.00,4
100.00,51
80.00,5
100.00,23
100.00,2
40.00,10
0.00,4
78.41,176
100.00,2
100.00,7
77.78,9
100.00,4
76.92,13
0.00,3
33.33,27
85.15,5454
11.43,70
0.00,15
0.00,8
0.00,17
0.00,166
0.00,53
0.00,23
42.89,429
25.49,51
77.37,137
0.00,10
100.00,4
100.00,5
88.53,279
0.00,5
0.00,7
100.00,5
100.00,7
11.43,70
80.00,5
82.98,47
0.00,4
92.59,216
100.00,2
50.00,4
35.71,14
100.00,4
73.68,19
100.00,27
80.00,15
93.48,46
0.00,2
0.00,11
0.00,2
0.00,19
33.33,9
0.00,2
5.46,348
3.66,82
0.00,4
0.00,127
0.00,5
0.00,21
0.00,2
0.00,5
0.00,10
0.00,2
0.00,25
0.00,26
0.00,2
0.80,999
0.00,22
0.00,13
0.00,17
0.00,234
0.00,53
0.00,23
18.63,102
0.00,29
0.00,54
0.00,10
0.00,136
0.00,67
0.00,5
0.00,6
0.00,26
0.00,10
0.00,2
0.00,5
0.00,10
0.00,24
0.00,2
0.00,2
0.00,19
0.00,3
0.00,12
0.00,2
0.00,18
0.00,8
0.00,17
0.00,170
0.00,53
0.00,23
0.00,1
0.00,6
0.00,45
15.20,296
0.00,4
0.00,11
0.00,19
0.00,44
0.00,19
0.00,28
0.00,8
0.00,17
0.00,166
0.00,53
0.00,26
0.00,74
0.00,10
0.00,12
0.00,121
2.40,960
0.00,2
0.00,3
0.00,15
0.00,51
0.00,17
0.00,25
0.00,2
0.00,9
0.00,5
0.00,10
0.00,5
0.00,26
0.00,19
0.00,6
28.00,25
47.37,19
0.00,17
44.40,259
0.00,53
0.00,23
0.00,178
32.00,25
32.47,154
0.00,14
0.00,9
0.00,49
0.00,204
63.54,2973
0.00,3
100.00,2
0.00,67
100.00,4
69.23,13
0.00,26
37.50,16
0.00,19
0.00,3
47.37,19
0.00,2
0.00,15
41.67,12
0.00,17
4.22,166
0.00,53
0.00,23
0.00,8
0.00,22
25.00,12
66.04,371
0.00,101
75.00,8
75.00,4
0.00,19
0.34,4429
3.70,81
0.00,152
0.00,8
26.67,15
82.35,17
58.94,207
0.00,53
37.50,40
0.00,123
0.00,5
0.00,6
0.00,54
0.00,5
0.00,7
0.00,4
0.00,2
0.00,8
0.00,15
0.00,32
0.00,26
0.00,3
0.00,29
0.00,23
0.00,19
0.00,11
0.00,19
0.00,4
0.00,2
20.00,55
10.81,111
28.21,39
0.00,8
29.41,17
26.60,188
29.41,17
0.00,2
0.00,19
2.38,252
0.00,15
0.00,8
0.00,17
0.00,158
0.00,53
0.00,23
0.00,95
0.00,10
0.00,69
0.00,5
0.00,12
0.00,165
0.00,2
0.00,4
0.00,14
0.00,2
0.00,19
3.53,170
0.00,6
0.00,5
0.00,2
0.00,17
6.67,255
90.29,927
88.89,27
0.00,79
18.75,48
0.00,9
