60.00,10
16.03,312
0.00,20
37.50,16
64.29,28
83.33,72
57.14,14
100.00,6
100.00,22
0.00,44
90.77,1604
100.00,24
100.00,10
100.00,4
100.00,12
0.00,4
100.00,4
28.57,28
0.00,8
0.00,10
29.66,236
100.00,4
0.99,811
0.00,14
16.67,12
6.02,498
0.00,20
0.00,12
0.00,46
0.00,10
0.00,2
0.00,48
0.00,4
0.00,48
0.00,2
0.00,16
0.00,64
0.00,6
0.00,14
0.00,22
0.00,2
0.00,10
0.00,6
27.73,238
0.00,20
0.00,8
95.83,48
77.61,268
100.00,2
100.00,2
0.00,436
0.00,2
0.00,4
0.00,14
0.00,520
0.00,32
0.00,418
0.00,6
0.00,84
0.00,50
0.00,6
0.00,16
0.00,4
0.00,12
0.00,14
0.00,2
60.20,1015
0.00,106
0.00,8
0.00,100
0.00,74
0.00,8
0.00,6
0.00,4
0.00,2
100.00,4
100.00,4
20.00,40
0.00,16
82.50,640
28.57,14
18.62,376
0.00,14
0.80,498
0.00,40
0.00,54
0.00,2
0.00,22
0.00,4
0.00,6
0.00,8
0.00,10
0.00,4
0.00,2
0.00,8
0.00,14
44.83,58
68.42,38
0.00,20
0.00,2
62.53,3942
0.00,42
100.00,2
100.00,2
100.00,2
71.43,14
0.00,6
16.67,12
0.00,2
0.00,22
0.00,568
0.00,2
0.00,2
0.00,4
0.00,14
83.33,36
54.55,44
100.00,4
0.00,4
0.00,22
62.77,2638
0.00,6
71.43,14
16.67,12
0.00,4
0.00,4
0.00,100
0.00,6
0.00,2
0.00,10
62.79,86
82.08,424
100.00,2
100.00,4
100.00,4
100.00,44
25.00,8
0.00,4
92.74,248
0.00,12
100.00,4
88.41,1864
0.00,10
0.00,2
0.00,22
0.00,4
100.00,2
100.00,4
100.00,2
16.67,12
0.00,4
100.00,8
100.00,14
55.44,2897
0.00,16
48.18,660
0.00,20
57.14,28
32.97,182
85.71,14
100.00,2
83.87,62
0.00,4
0.00,12
100.00,2
100.00,6
100.00,4
100.00,10
31.25,128
0.00,8
100.00,4
100.00,2
66.67,18
50.00,8
100.00,4
50.00,8
100.00,14
50.00,12
40.30,268
0.00,20
0.00,8
8.33,24
0.00,22
53.18,346
100.00,4
0.00,2
70.59,34
68.70,460
100.00,2
0.00,4
100.00,4
0.00,36
0.00,2
70.65,184
100.00,4
100.00,2
66.67,18
44.39,374
0.00,20
0.00,8
66.67,6
55.88,136
0.00,2
100.00,2
56.10,656
100.00,42
100.00,2
100.00,6
0.00,2
3.64,110
89.75,488
9.52,42
0.00,4
100.00,2
100.00,14
57.11,2194
58.06,62
100.00,2
75.00,8
0.00,4
100.00,2
14.29,14
100.00,8
76.16,151
0.00,6
0.00,180
0.00,20
0.00,8
0.00,10
33.33,6
0.00,4
0.00,4
100.00,2
71.43,14
0.00,6
5.71,140
0.00,2
41.18,34
0.00,10
0.00,4
0.00,2
74.42,344
5.00,40
71.43,14
100.00,6
75.00,24
41.96,510
0.00,20
0.00,8
57.89,38
0.00,6
100.00,2
37.50,32
0.00,12
47.04,1624
0.00,4
100.00,6
57.38,122
100.00,2
80.00,20
100.00,10
25.00,8
8.62,232
0.00,20
0.00,8
44.12,68
0.00,4
0.00,2
66.67,18
65.42,1041
100.00,2
0.00,2
100.00,2
59.46,74
100.00,6
0.00,4
100.00,4
100.00,2
36.36,22
66.67,6
0.00,58
0.00,2
0.00,2
43.38,597
50.00,44
86.52,8270
76.19,42
0.00,6
0.00,2
0.00,66
0.00,4
100.00,2
100.00,6
100.00,4
8.70,23
100.00,12
83.33,12
90.34,238
0.00,2
0.00,22
0.00,4
0.00,10
0.83,242
0.00,34
0.00,2
0.00,4
0.00,8
0.00,10
0.00,2
0.00,4
100.00,12
0.00,10
72.19,694
0.00,8
0.00,250
0.00,20
0.00,8
0.00,24
0.00,2
0.00,38
11.19,268
0.00,168
50.00,4
0.00,4
0.00,4
100.00,2
0.00,2
100.00,52
100.00,2
100.00,4
94.59,702
0.00,32
0.00,2
0.00,4
0.00,10
100.00,4
84.78,3416
0.00,6
18.40,250
0.00,20
0.00,8
0.00,2
0.00,2
0.00,44
100.00,2
0.00,4
100.00,2
80.00,10
100.00,4
18.18,22
100.00,12
100.00,6
100.00,4
77.32,1058
9.09,22
0.00,6
38.93,298
0.00,20
0.00,8
100.00,10
100.00,4
0.00,2
0.00,24
0.00,6
0.00,4
0.00,28
0.00,2
0.00,2
0.00,4
0.00,140
0.00,2
0.00,10
0.00,8
0.00,74
0.00,2
0.00,4
5.56,36
43.75,32
0.00,4
0.00,40
100.00,12
0.00,2
0.00,2
0.00,2
0.00,26
0.00,1444
0.00,4
100.00,2
60.00,570
0.00,32
0.00,2
0.00,4
100.00,6
100.00,4
0.00,12
100.00,6
0.00,2
0.00,22
0.00,373
0.00,6
0.00,2
0.00,10
0.00,8
0.00,14
70.08,488
10.53,38
0.00,2
0.00,4
100.00,4
100.00,2
100.00,14
37.36,91
0.00,22
0.00,2
0.00,2
0.00,22
74.40,1203
100.00,18
100.00,6
100.00,14
0.00,2
71.05,76
0.00,22
0.00,2
79.36,1347
100.00,2
100.00,6
100.00,14
0.00,2
25.81,62
0.00,4
68.14,295
67.39,92
0.00,2
68.30,306
0.00,4
54.81,489
0.00,2
0.00,2
0.00,6
24.80,250
0.00,20
33.33,12
3.57,56
92.70,356
100.00,4
100.00,2
100.00,2
100.00,14
0.00,2
94.44,72
100.00,2
3.28,305
0.00,6
0.00,4
0.00,431
0.00,2
85.49,1158
0.00,22
0.00,6
31.34,268
0.00,20
0.00,10
76.47,34
0.00,2
0.00,22
0.00,4
100.00,2
100.00,22
100.00,2
100.00,2
100.00,8
100.00,14
0.00,2
17.39,322
0.00,2
0.00,14
0.00,294
0.00,20
0.00,14
0.00,36
0.00,12
9.67,269
64.01,978
42.86,14
33.60,250
0.00,20
0.00,8
72.15,158
33.33,6
0.00,44
0.00,4
0.00,12
4.17,96
0.00,2088
0.00,20
31.03,58
0.00,20
0.00,8
4.69,426
0.00,6
100.00,44
0.00,6
0.00,804
1.00,11314
0.00,16
60.00,5
0.00,6
100.00,2
25.00,8
0.00,143
0.00,32
0.00,4
0.00,2
0.00,4
84.62,26
28.13,846
0.00,20
0.00,8
0.00,18
33.33,6
50.00,4
0.00,22
0.00,60
78.91,2124
0.00,2
0.00,4
100.00,4
0.00,6
0.00,2
0.00,2
96.36,110
8.33,24
0.00,2
11.48,871
8.33,24
1.77,566
0.00,20
0.00,18
27.38,168
0.00,4
0.00,28
0.00,4
0.00,2
0.00,10
0.00,4
0.00,4
33.33,6
61.55,723
23.53,17
50.00,4
29.17,48
76.92,13
76.24,2399
0.00,2
100.00,14
85.71,14
30.77,52
88.57,35
0.00,26
0.00,2
50.00,12
72.59,6019
100.00,10
100.00,2
66.67,6
23.53,17
0.00,6
25.00,8
70.00,60
64.36,1313
9.09,44
0.00,4
100.00,4
33.33,6
0.00,22
0.00,4
100.00,2
100.00,4
0.00,4
50.00,4
100.00,2
80.00,10
0.00,8
1.08,557
0.00,6
0.00,18
0.00,2
13.64,44
46.93,750
100.00,6
0.00,6
0.00,2
49.73,374
100.00,46
0.00,26
100.00,4
84.74,8514
80.00,10
100.00,6
100.00,8
0.00,6
0.00,14
85.71,14
66.90,2245
0.00,2
44.44,36
26.62,616
0.00,20
0.00,8
24.24,132
0.00,4
0.00,2
0.00,22
0.00,134
0.00,4
100.00,2
0.00,6
0.00,2
28.57,14
0.00,4
100.00,8
0.00,14
91.32,645
19.05,42
0.00,2
0.00,44
0.00,4
100.00,2
0.00,6
100.00,6
10.00,20
50.24,3135
44.68,94
0.00,20
50.00,44
100.00,40
100.00,44
87.69,1105
0.00,6
29.91,234
0.00,20
0.00,8
76.74,86
0.00,2
0.00,4
75.00,8
16.67,12
100.00,12
100.00,2
100.00,8
100.00,14
0.00,196
0.00,22
100.00,6
57.27,19714
100.00,4
80.00,10
0.00,6
0.00,4
19.57,184
20.00,40
0.00,20
0.00,16
12.15,576
0.00,26
0.00,2
0.00,4
0.00,4
58.97,78
29.28,362
0.00,2
0.00,4
100.00,8
0.00,8
0.00,6
0.00,262
0.00,20
0.00,10
50.00,4
87.16,436
100.00,40
100.00,2
44.23,104
81.25,32
20.00,10
0.00,6
85.29,68
75.09,3416
0.00,6
0.00,2
100.00,8
100.00,6
0.00,4
0.00,8
88.89,18
100.00,6
85.71,28
83.33,12
0.00,6
50.00,8
0.00,56
13.33,30
100.00,16
60.00,10
0.00,4
86.84,76
51.63,1168
100.00,4
0.00,4
100.00,2
71.43,14
0.00,14
0.00,4
0.00,8
0.00,2
94.01,167
100.00,4
0.00,4
75.00,32
100.00,2
75.00,24
100.00,2
90.91,22
100.00,4
0.00,4
82.28,158
76.47,34
100.00,10
0.00,4
100.00,4
71.43,14
100.00,2
21.21,198
0.00,22
100.00,2
0.00,4
100.00,10
52.76,36986
87.23,376
0.00,8
80.00,10
100.00,18
100.00,6
100.00,6
0.00,6
33.33,6
0.00,6
0.00,6
0.00,2
0.00,832
0.00,6
0.00,6
0.00,2
0.00,34
0.00,4
0.00,6
0.00,14
79.92,249
0.00,6
34.92,252
0.00,20
42.86,14
48.28,58
12.50,16
0.00,10
0.00,4
93.75,64
100.00,8
100.00,2
75.00,24
0.00,2
93.33,180
0.00,8
0.00,2
80.00,20
0.00,4
100.00,18
85.71,56
25.00,8
100.00,4
100.00,8
0.00,73
0.00,4
0.00,4
0.00,8
94.34,212
0.00,42
0.00,2
100.00,12
0.00,4
75.00,8
42.86,14
0.00,42
50.00,4
52.83,1308
0.00,32
100.00,6
85.71,14
0.00,4
100.00,2
71.43,14
0.00,4
85.87,368
0.00,8
29.93,274
0.00,20
33.33,12
0.00,18
61.04,154
0.00,2
100.00,20
0.00,4
100.00,6
0.00,2
79.87,1247
0.00,10
37.84,444
0.00,20
17.50,80
25.00,16
12.50,16
45.45,66
0.00,2
84.62,26
0.00,4
0.00,2
100.00,8
100.00,10
66.67,6
100.00,2
100.00,6
0.00,4
3.52,227
0.00,34
0.00,2
0.00,16
0.00,4
0.00,4
0.00,2
0.00,2
0.00,74
0.00,8
0.00,6
0.00,10
0.00,2
0.00,18
0.00,64
0.00,2
0.00,4
0.00,2
33.33,6
0.00,2
88.89,18
77.68,439
100.00,2
100.00,8
100.00,2
0.00,10
9.26,432
0.00,20
0.00,12
20.29,138
87.50,48
42.86,14
0.00,2
0.00,2
70.59,34
43.23,5776
50.00,4
0.00,6
0.00,6
20.00,10
100.00,12
0.00,4
100.00,6
100.00,4
100.00,2
95.00,40
0.00,2
83.33,12
60.90,133
100.00,8
0.00,22
0.00,8
0.00,336
0.00,20
0.00,8
0.00,26
0.00,6
0.00,594
0.00,4
0.00,30
86.67,120
100.00,14
0.00,4
0.00,54
0.00,2
0.00,8
0.00,48
7.50,80
0.00,14
0.00,4
0.00,10
0.00,2
0.00,2
0.65,927
0.00,8
0.00,314
0.00,14
0.00,4
0.00,66
0.00,10
0.00,2
0.00,182
0.00,6
0.00,12
0.00,24
0.00,26
0.00,40
0.00,2
0.00,2
0.00,46
0.00,4
0.00,14
0.00,4
0.00,2
0.00,4
0.00,54
0.00,138
0.00,50
0.52,773
0.74,272
0.00,6
0.00,20
0.00,2
0.00,14
0.00,42
0.00,2
0.00,62
0.00,8
0.00,10
0.00,2
0.00,14
0.00,10
0.00,28
0.00,234
0.00,16
0.00,4
0.00,2
0.00,512
0.00,156
0.00,2
0.00,7131
0.00,6
0.00,378
0.00,20
0.00,8
18.37,196
0.00,4
31.43,3128
100.00,6
100.00,2
0.00,6
16.67,12
0.00,10
0.00,14
100.00,10
28.57,28
0.00,8
24.55,220
0.00,6
6.25,32
1.36,442
1.43,140
0.00,12
0.00,554
0.00,20
0.00,18
25.00,8
0.00,44
0.00,46
0.00,2
0.00,6
0.00,2
0.00,18
0.00,14
0.00,474
0.00,20
0.00,20
0.00,62
0.00,22
0.00,30
0.00,2
0.00,16
0.00,171
0.00,2
0.00,6
0.00,2
0.00,472
0.00,42
0.00,2
0.10,1916
0.00,12
0.00,494
0.00,20
0.00,28
0.00,20
0.63,316
0.00,8
0.00,6
0.00,12
0.00,30
0.00,4
0.00,6
0.00,4
0.00,8
0.00,6
0.00,2
0.00,26
0.00,2
0.00,4
0.00,54
0.00,6
0.00,209
0.00,2
0.00,14
75.00,8
90.34,238
85.07,201
52.99,22643
28.57,14
0.00,292
0.00,20
0.00,8
0.00,32
14.29,14
0.00,102
0.00,6
0.00,44
100.00,6
0.00,34
0.00,4
50.00,12
100.00,4
0.00,2
0.00,6
0.00,2
100.00,16
0.00,4
100.00,2
100.00,2
0.00,2
33.33,6
71.43,14
13.33,30
33.33,6
0.00,8
31.82,44
0.00,6
71.43,14
69.86,2545
0.00,6
0.00,250
0.00,20
16.67,12
0.00,58
0.00,2
0.00,22
0.00,4
100.00,2
0.00,2
75.00,8
100.00,2
16.67,12
0.00,6
100.00,14
100.00,8
69.93,153
91.67,48
0.00,2
0.00,4
100.00,4
66.67,12
11.20,250
0.00,20
42.86,14
89.13,92
60.23,352
100.00,6
48.50,8376
35.37,639
72.73,88
100.00,2
100.00,2
8.86,3928
0.00,3358
5.61,12859
0.00,1280
100.00,2
0.00,4
54.34,219
9.13,1861
18.75,32
35.35,2682
100.00,4
0.00,6
80.00,10
99.52,417
0.00,3216
5.24,13274
0.00,302
100.00,2
100.00,10
92.12,4038
24.00,100
13.48,4405
52.56,156
47.75,1313
100.00,8
65.18,1844
87.50,96
100.00,2
54.55,66
100.00,4
100.00,2
42.84,30251
31.92,520
14.46,38530
55.13,1335
4.67,1457
28.26,18943
100.00,6
100.00,8
38.46,26
0.00,6
100.00,2
53.68,1019
0.00,6
0.00,2
100.00,4
83.33,12
0.00,266
0.00,6
0.00,2
0.00,4
0.00,30
0.00,2
0.00,2
0.00,14
0.00,2
23.44,128
0.00,8
19.30,342
0.00,20
12.50,16
0.00,4
0.00,8
0.00,4
15.38,52
65.91,1842
0.00,24
28.57,14
0.00,324
0.00,20
0.00,20
26.14,306
0.00,34
100.00,4
0.00,32
77.78,18
0.00,2
0.00,4
3.03,66
0.00,2
0.00,2
2.12,1887
0.00,20
5.68,810
0.00,20
0.00,14
0.00,16
0.00,180
0.00,4
0.00,4
25.00,8
0.00,2
0.00,38
0.00,4
0.00,52
14.71,68
0.00,4
100.00,4
0.00,6
100.00,2
0.00,2
69.78,599
0.00,12
33.07,508
0.00,20
33.33,12
0.00,46
0.00,4
33.33,6
0.00,6
0.00,2
28.75,160
0.00,4
100.00,4
0.00,2
33.33,6
0.00,2
0.00,74
0.00,6
0.00,264
0.00,20
0.00,16
0.00,22
0.00,2
0.00,2
0.00,4
0.00,34
0.00,8
0.00,18
92.31,26
74.69,1470
0.00,20
49.18,850
0.00,20
55.56,36
53.68,272
100.00,4
100.00,12
100.00,6
100.00,2
0.00,2
0.00,12
0.00,4
100.00,2
0.00,2
100.00,14
0.00,4
57.14,14
100.00,8
0.00,2
0.00,12
0.00,132
80.00,10
100.00,2
100.00,14
0.00,4
0.00,10
16.58,398
0.00,20
20.00,20
14.29,14
0.00,6
0.00,32
0.00,2
100.00,16
89.38,452
57.14,14
100.00,12
100.00,8
100.00,6
82.67,1766
0.00,22
66.67,12
49.19,370
0.00,20
66.67,24
69.15,376
79.17,48
0.00,8
55.56,18
66.67,6
76.92,52
0.00,4
100.00,2
0.00,6
0.00,42
0.00,2
2.00,100
0.00,8
0.00,2
95.65,46
100.00,8
100.00,2
100.00,14
0.00,2
74.43,1228
0.00,8
41.67,72
3.95,304
0.00,20
0.00,12
95.24,84
0.00,6
0.00,2
0.00,4
0.00,6
16.67,36
100.00,20
0.00,70
100.00,6
100.00,4
50.00,8
0.00,4
0.00,4
0.00,140
0.00,6
0.00,10
0.00,6
0.00,16
0.00,4
83.92,286
66.67,6
0.00,78
100.00,4
100.00,2
0.00,6
0.00,232
0.00,20
0.00,8
0.00,14
0.00,4
0.00,2
0.00,2
86.67,30
20.17,1418
0.00,52
0.00,6
66.67,6
71.43,14
0.00,2
44.27,323
0.00,14
0.00,8
12.33,292
0.00,20
0.00,12
59.09,44
0.00,6
0.00,2
100.00,2
0.00,4
0.00,70
71.43,14
100.00,2
0.00,2
14.29,28
58.83,2147
0.00,14
0.00,4
72.73,22
21.05,532
0.00,20
0.00,16
20.00,60
63.49,378
100.00,10
0.00,26
0.00,6
66.67,18
78.57,56
100.00,2
0.00,60
0.00,12
0.00,18
87.50,16
100.00,8
100.00,4
81.82,22
0.00,2
0.00,2
0.00,4
72.00,843
0.00,6
0.00,238
0.00,20
0.00,8
36.59,82
0.00,2
0.00,2
76.92,26
0.00,6
0.00,42
0.00,38
0.00,6
0.00,18
71.43,14
100.00,2
64.85,478
67.50,80
0.00,4
0.00,4
0.00,2
0.00,40
100.00,2
0.00,42
0.00,2
0.00,2
100.00,16
0.00,4
100.00,6
76.52,903
0.00,4
0.00,140
0.00,6
45.00,120
0.00,10
0.00,6
0.00,12
79.17,48
0.00,4
100.00,2
0.00,8
74.07,54
100.00,2
69.23,26
100.00,2
0.00,14
0.00,4
0.00,140
0.00,2
0.00,28
0.00,10
0.00,4
62.07,232
0.00,52
50.39,516
0.00,6
0.00,180
0.00,20
0.00,8
0.00,4
0.00,8
0.00,6
0.00,132
100.00,2
71.70,954
0.00,22
85.71,168
0.00,2
100.00,6
0.00,10
81.25,32
75.00,8
100.00,2
100.00,14
0.00,2
65.85,1470
0.00,22
0.00,6
24.80,250
0.00,20
0.00,8
54.55,110
100.00,56
25.00,8
75.00,8
100.00,16
100.00,2
100.00,14
0.00,2
100.00,2
0.00,2
86.90,336
100.00,10
65.22,46
100.00,10
0.00,10
0.00,6
18.97,232
0.00,20
0.00,8
0.00,2
90.61,916
66.67,12
100.00,18
100.00,6
25.00,8
100.00,31
16.67,12
100.00,8
75.76,66
0.00,2
97.83,460
0.00,2
100.00,16
100.00,2
75.00,8
0.00,10
100.00,2
100.00,14
82.52,2162
6.12,98
0.00,4
0.00,22
0.00,4
100.00,16
100.00,2
100.00,12
100.00,27
87.50,16
100.00,4
0.00,10
100.00,16
100.00,2
100.00,14
0.00,2
0.00,2
83.05,637
100.00,10
71.43,14
0.00,2
100.00,29
66.67,6
0.00,10
100.00,14
100.00,8
100.00,14
64.62,995
0.00,4
0.00,4
0.00,22
0.00,4
100.00,4
14.29,14
24.73,186
0.00,4
0.00,2
71.67,120
100.00,2
16.67,12
0.00,4
85.71,28
0.00,12
0.00,42
0.00,2
0.00,223
0.00,6
0.00,46
0.00,5
0.00,2
71.62,148
0.00,40
0.00,4
16.67,48
100.00,4
0.00,6
28.45,232
0.00,20
0.00,8
34.00,100
0.00,2
0.00,22
77.07,724
0.00,42
0.00,2
100.00,2
16.67,12
100.00,2
100.00,14
0.00,8
0.00,268
0.00,20
0.00,8
23.08,26
0.00,2
0.00,2
0.00,44
0.18,1110
0.00,2
0.00,13
0.00,12
0.00,2
0.00,2
0.00,8
0.00,342
0.00,20
0.00,8
22.22,18
0.00,108
0.00,2
0.00,685
0.00,4
0.00,42
0.00,10
0.00,2
81.11,646
0.00,42
0.00,2
0.00,44
0.00,4
100.00,2
28.57,14
75.00,8
100.00,14
0.00,4
93.13,670
100.00,4
100.00,10
25.00,8
100.00,8
100.00,4
100.00,8
100.00,14
0.00,2
91.46,164
75.00,8
100.00,4
0.00,10
71.43,28
70.59,34
0.00,14
0.00,4
86.38,3459
90.00,20
0.00,2
100.00,18
100.00,39
75.00,8
100.00,4
14.29,14
100.00,12
100.00,6
100.00,14
0.00,2
0.00,2
77.58,669
100.00,10
100.00,2
100.00,6
100.00,4
0.00,10
50.00,4
100.00,14
82.24,822
0.00,22
56.10,82
0.00,2
75.00,16
100.00,2
100.00,4
100.00,2
0.00,14
0.00,2
91.97,548
0.00,22
5.88,34
0.00,2
100.00,10
100.00,10
75.00,8
100.00,4
0.00,10
100.00,8
100.00,14
100.00,8
100.00,14
0.00,2
75.00,32
0.00,2
93.86,554
100.00,6
100.00,2
50.00,8
100.00,4
0.00,10
100.00,14
0.00,2
79.78,366
100.00,14
0.00,8
75.00,8
0.00,10
0.00,10
0.00,326
0.00,20
0.00,12
34.85,132
0.00,4
0.00,2
0.00,696
0.00,2
0.00,20
0.00,14
0.00,38
0.00,2
0.00,14
0.00,2
0.00,48
0.00,4
0.00,98
0.00,6
0.00,140
0.00,2
0.00,10
0.00,2
0.00,32
0.00,6
0.00,232
0.00,20
0.00,12
0.00,48
0.00,32
0.00,2
0.00,67
0.00,12
0.00,18
0.00,220
0.00,20
0.00,8
0.00,132
0.00,4
0.00,2
0.00,4
0.00,461
0.00,14
0.00,6
0.00,14
55.56,18
0.00,4
0.00,12
0.00,420
0.00,20
0.00,16
0.00,128
0.00,4
0.00,2
0.00,1292
0.00,2
0.00,18
0.00,4
0.00,2
0.00,4
0.00,2
0.00,4
0.00,10
0.00,2
0.00,2
0.00,2
0.00,36
0.00,330
0.00,2
80.00,10
100.00,2
67.52,314
0.00,2
0.00,2
0.00,4
50.00,4
75.00,8
0.00,10
100.00,2
0.38,1050
0.00,110
0.00,2
0.00,4
0.00,42
0.00,12
0.00,2
0.00,8
95.35,86
0.00,2
0.00,4
0.00,22
71.43,14
100.00,2
0.89,2926
10.00,80
0.00,4
0.00,2
20.00,30
0.00,40
0.00,4
0.00,2
0.00,10
0.00,4
0.00,6
0.00,8
0.00,20
0.00,14
0.00,2
0.00,8
0.00,2
0.00,10
0.00,22
0.00,4
0.00,307
0.00,2
0.00,6
0.00,250
0.00,20
0.00,12
0.00,14
0.00,26
0.00,413
0.00,2
0.00,4
0.00,22
0.00,4
0.40,3539
0.00,8
0.00,250
0.00,20
0.00,14
0.00,48
0.00,70
0.00,4
0.00,47
0.00,4
0.00,6
0.00,4
0.00,2
0.00,22
0.00,12
0.00,6
5.89,560
42.31,52
0.00,4
0.00,2
5.88,34
0.00,4
0.00,2
0.00,10
0.00,14
0.00,6
0.00,2
35.56,630
0.00,48
0.00,10
0.00,22
0.00,4
0.00,6
0.00,18
0.00,70
0.00,8
0.00,8
100.00,2
0.00,8
0.00,12
0.00,2
51.58,2984
100.00,2
70.00,20
14.29,14
0.00,6
0.00,10
71.43,14
18.89,360
0.00,20
0.00,8
0.00,12
29.91,468
0.00,10
68.25,252
0.00,6
0.00,2
100.00,2
83.53,255
25.00,8
5.13,935
35.59,1450
0.00,6
0.00,2
0.00,64
59.29,565
0.00,26
0.00,20
34.94,936
14.29,28
40.86,93
0.00,2
0.00,20
42.11,38
41.22,1014
25.00,8
20.00,250
0.00,20
28.57,14
0.00,106
0.00,4
0.00,26
100.00,836
0.00,8
0.00,4
100.00,2
0.00,16
0.00,54
100.00,4
100.00,2
0.00,6
0.00,232
0.00,20
0.00,8
6.25,160
0.00,4
92.89,971
0.00,4
0.00,2
0.00,2
0.00,4
100.00,2
100.00,13
66.67,6
43.24,37
0.00,2
91.59,523
0.00,6
35.56,270
0.00,20
0.00,8
0.00,14
0.00,2
0.00,4
100.00,12
100.00,2
100.00,14
82.81,1687
0.00,12
38.73,630
0.00,20
37.50,16
45.00,40
0.00,76
100.00,6
0.00,14
66.67,6
50.00,32
0.00,4
100.00,2
9.52,42
100.00,30
100.00,2
20.00,20
55.00,40
100.00,4
75.00,16
100.00,2
100.00,14
33.33,6
63.89,72
45.27,455
100.00,10
0.00,6
0.00,238
0.00,20
0.00,12
0.00,2
0.00,2
0.00,22
0.00,711
0.00,20
0.00,6
0.00,250
0.00,20
0.00,8
0.00,6
0.00,2
0.00,2
0.00,604
0.00,6
0.00,10
0.00,50
0.00,2
0.00,6
0.00,572
0.00,42
0.00,4
0.00,32
0.00,4
0.00,2
0.00,2
0.00,286
0.00,345
0.00,6
0.00,250
0.00,20
0.00,12
0.00,100
33.33,6
0.00,36
100.00,16
0.00,96
0.00,247
0.00,2
9.09,44
74.60,1299
40.00,10
33.33,6
73.68,38
76.40,1602
0.00,2
0.00,2
0.00,4
100.00,8
100.00,12
100.00,35
100.00,2
100.00,2
16.67,12
0.00,2
0.00,2
84.55,466
44.12,68
0.00,2
0.00,4
100.00,2
100.00,2
0.00,10
75.83,513
0.00,22
0.00,2
0.00,2
0.00,22
0.00,4
37.50,16
100.00,2
80.00,10
0.00,6
16.67,12
0.00,2
84.07,540
0.00,6
23.28,232
0.00,20
0.00,8
0.00,2
0.00,4
100.00,4
100.00,6
100.00,8
100.00,14
0.50,801
0.00,72
0.00,2
0.00,4
0.00,16
0.00,2
0.00,14
0.00,10
0.00,2
0.00,2
0.00,14
83.23,1312
80.00,40
0.00,2
0.00,44
0.00,4
100.00,2
100.00,2
0.00,10
100.00,4
100.00,2
0.00,6
0.00,2
68.48,184
100.00,8
100.00,4
100.00,14
37.04,54
0.00,4
0.00,22
15.14,4148
100.00,2
0.00,2
0.00,2
0.00,17
0.00,6
0.00,14
0.00,6
85.71,14
0.00,2
3.28,3990
0.00,16
0.00,8
0.00,10
0.00,2
0.00,35
0.00,2
14.29,14
0.00,1798
4.44,90
0.00,6
0.00,4
0.00,2
0.00,10
0.00,4
0.00,8
0.00,462
0.00,4
0.00,2
66.67,54
33.33,6
0.00,66
82.05,2886
33.33,12
75.00,8
9.09,22
0.00,6
100.00,10
0.00,6
0.00,250
0.00,20
0.00,12
17.19,128
0.00,14
77.78,18
60.00,230
100.00,2
0.00,24
100.00,34
100.00,2
0.00,4
0.00,2
16.67,12
0.00,4
0.00,18
0.00,2
0.00,2
0.00,335
0.00,12
0.00,420
0.00,20
0.00,22
15.00,40
0.00,2
0.00,18
0.00,4
0.00,22
0.00,4
0.00,2
0.00,10
0.00,14
0.00,2
58.82,136
100.00,8
59.20,1821
61.11,36
0.00,22
0.00,6
0.00,10
100.00,6
100.00,2
0.00,10
100.00,14
0.00,2
0.00,2
0.00,2
0.00,211
0.00,6
0.00,6
0.00,6
19.24,1164
0.00,2
0.00,6
0.00,4
0.00,6
0.00,2
0.00,6
0.00,10
100.00,6
0.00,8
0.00,14
0.00,14
0.00,4
0.00,24
0.00,562
0.00,2
0.00,6
0.00,2
0.00,264
0.00,12
0.00,2
0.00,14
3.45,174
0.00,18
0.00,2
0.00,22
0.00,2500
0.00,198
0.00,2
0.00,4
0.00,2
0.00,2
0.00,12
0.00,2
0.00,14
0.00,2
0.22,1846
0.00,22
0.63,320
0.00,2
0.00,198
0.00,42
0.00,2
0.00,2
0.00,12
0.00,8
0.00,14
0.00,2
0.00,14
0.00,308
0.00,20
0.00,8
0.00,106
0.00,4
0.00,154
0.00,14
0.00,10
0.00,2
0.00,2
0.00,20
0.00,2
0.00,20
0.00,4
0.00,2
0.00,14
5.56,36
0.00,2
0.00,22
58.99,790
75.00,8
100.00,8
100.00,4
100.00,4
0.00,8
46.88,128
82.13,4483
40.00,5
0.00,6
100.00,12
40.48,84
100.00,10
0.00,4
0.00,20
100.00,32
0.00,4
33.33,24
16.67,12
0.00,4
88.24,34
0.00,16
0.00,4
94.12,34
0.00,2
0.00,4
0.00,6
0.00,8
6.15,260
0.00,20
30.00,80
0.00,4
0.00,6
0.00,232
0.00,20
0.00,8
0.00,10
0.00,24
0.00,14
0.00,2
0.00,2
85.40,507
66.67,6
78.38,37
100.00,2
0.00,2
0.00,2
0.90,442
0.00,6
0.00,234
0.00,20
0.00,8
0.00,70
0.00,2
0.00,22
0.00,4
0.00,10
0.00,2
0.00,10
0.00,38
78.24,1342
100.00,2
0.00,4
0.00,44
85.71,14
80.00,30
36.36,22
23.01,478
0.00,20
30.00,20
90.00,60
0.00,4
45.45,1045
68.09,94
0.00,4
100.00,4
100.00,8
100.00,6
0.00,10
47.25,472
0.00,2
0.00,8
0.00,8
0.00,336
0.00,20
0.00,18
0.00,32
2.90,138
0.00,28
10.63,301
40.00,10
1.11,180
0.00,20
0.00,8
0.00,4
0.00,2
57.10,606
0.00,2
100.00,2
50.00,8
100.00,2
11.69,154
75.00,40
94.59,74
0.00,2
0.00,4
0.00,2
0.94,1600
0.00,22
0.00,650
0.00,20
0.00,8
16.87,166
0.00,8
0.00,42
0.00,12
0.00,6
0.00,14
0.00,50
0.00,2
0.00,2
45.45,22
0.00,14
0.00,2
0.00,14
0.00,6
31.97,244
0.00,20
50.00,16
5.26,38
100.00,4
80.47,297
0.00,2
0.00,2
84.55,246
19.57,92
0.00,4
70.00,20
0.00,4
71.43,14
0.00,6
0.00,6
94.15,376
0.00,2
0.00,6
80.00,20
0.00,4
100.00,6
0.00,6
40.00,20
100.00,18
100.00,2
100.00,4
100.00,2
100.00,2
100.00,8
35.93,3532
0.00,20
21.50,800
0.00,20
26.67,30
1.59,126
20.00,20
0.00,30
0.00,20
0.00,6
81.08,74
0.00,4
4.55,44
0.00,10
0.00,6
73.68,38
0.00,10
100.00,82
100.00,14
0.00,4
35.71,56
100.00,4
100.00,14
0.00,2
3.86,1556
0.00,8
0.00,354
0.00,20
0.00,28
0.00,36
0.00,10
0.00,2
0.00,46
0.00,4
0.00,4
0.00,26
0.00,44
0.00,6
0.00,2
0.00,14
25.00,8
0.00,6
0.00,14
0.40,496
0.00,88
0.00,6
0.00,22
0.00,4
0.00,2
0.00,56
0.00,8
0.00,14
0.00,8
0.00,36
7.69,26
0.00,4
79.45,657
96.15,52
100.00,6
0.00,4
87.60,484
0.00,6
23.20,250
0.00,20
0.00,8
26.00,100
92.86,28
0.00,4
100.00,6
100.00,8
0.00,6
0.00,30
37.62,202
0.00,2
12.50,16
100.00,2
66.67,12
75.12,1206
0.00,2
100.00,2
100.00,30
78.79,66
100.00,2
100.00,8
0.00,4
50.00,4
49.37,158
0.00,2
16.67,48
80.65,31
0.00,38
0.00,10
0.00,4
58.97,390
33.33,48
33.33,18
0.00,4
75.00,32
39.22,51
0.00,4
1.05,190
0.00,2
30.57,1364
0.00,18
23.01,730
0.00,20
14.29,28
0.00,2
22.22,18
0.00,42
0.00,16
0.00,2
22.22,72
0.00,4
5.56,36
11.11,18
0.00,80
0.00,6
38.46,26
0.00,4
0.00,2
0.00,184
0.00,8
9.52,336
0.00,20
0.00,16
0.00,60
0.00,4
100.00,2
0.00,16
0.00,4
0.00,54
0.00,6
0.00,2
60.80,5957
0.00,2
60.00,40
22.92,960
0.00,20
0.00,8
33.33,138
67.57,74
0.00,86
0.00,4
0.00,2
0.00,4
16.67,12
0.00,84
0.00,4
0.00,46
0.00,10
100.00,12
0.00,30
100.00,2
0.00,6
0.00,14
100.00,14
90.01,1121
0.00,10
53.00,434
0.00,20
69.23,26
14.12,170
34.78,46
100.00,12
0.00,6
96.43,56
0.00,4
100.00,2
100.00,2
9.52,42
75.00,8
90.20,102
66.67,6
100.00,8
76.92,26
100.00,4
0.00,12
7.69,468
0.00,20
22.22,18
1.43,140
0.00,12
0.00,2
73.91,92
68.42,2359
15.38,26
0.00,2
0.00,20
37.50,16
100.00,8
76.92,26
50.00,16
100.00,2
100.00,2
76.75,886
0.00,6
30.23,258
0.00,20
0.00,8
46.24,186
0.00,8
76.00,50
0.00,4
50.00,4
0.00,10
98.18,110
100.00,8
100.00,4
50.00,4
100.00,6
100.00,8
100.00,14
0.00,22
100.00,2
74.42,86
85.94,633
28.92,166
0.00,8
81.25,32
0.00,4
100.00,16
8.70,46
100.00,2
83.33,48
0.00,2
50.00,4
100.00,2
100.00,2
80.95,42
0.00,8
0.00,336
0.00,20
0.00,14
0.00,4
0.00,2
0.00,4
0.00,36
0.00,978
0.00,4
0.00,4
0.00,22
0.00,4
91.38,116
0.00,4
100.00,14
0.00,4
100.00,2
81.82,22
62.48,597
4.17,48
70.59,34
22.22,18
90.91,22
0.00,4
100.00,2
71.43,14
85.71,14
0.00,4
2.13,94
0.00,4
52.17,46
84.76,328
66.67,6
100.00,2
92.50,80
50.00,4
100.00,4
0.44,902
0.00,12
0.00,524
0.00,20
0.00,12
0.00,8
15.19,158
0.00,2
0.00,10
0.00,70
0.00,4
0.00,2
0.00,22
0.00,46
0.00,34
0.00,4
0.00,114
0.00,6
0.00,8
0.00,4
53.33,30
0.00,12
100.00,82
100.00,2
100.00,10
100.00,4
100.00,2
83.59,725
13.04,46
32.65,196
0.00,6
75.00,24
0.00,4
100.00,2
0.00,6
4.76,42
81.25,64
25.00,8
100.00,8
0.00,2
0.00,6
0.00,232
0.00,20
0.00,8
27.27,22
0.00,6
0.00,6
0.00,2
0.00,2
12.43,1400
0.00,4
0.00,10
8.20,122
0.00,2
0.00,4
0.00,6
0.00,16
0.00,6
0.00,2
0.00,8
0.00,2
60.00,10
26.35,296
0.00,20
0.00,8
38.24,68
16.67,36
0.00,4
57.14,28
0.00,36
89.54,1071
100.00,2
83.33,12
100.00,2
76.19,42
9.52,42
100.00,8
100.00,6
100.00,4
100.00,14
66.67,12
90.47,2162
0.00,14
0.00,10
42.57,404
0.00,20
13.33,30
33.33,18
25.86,116
87.50,32
0.00,6
0.00,12
95.65,46
0.00,4
25.00,8
0.00,18
86.67,90
57.14,14
85.71,28
100.00,2
100.00,14
0.00,2
0.00,4
57.14,28
11.11,18
0.00,16
81.12,392
100.00,2
0.00,2
0.00,42
100.00,28
21.88,64
0.00,10
80.00,20
92.15,1300
0.00,14
100.00,6
100.00,4
71.43,14
100.00,12
0.00,2
79.66,1421
0.00,6
0.00,232
0.00,20
46.15,130
0.00,8
100.00,10
0.00,12
0.00,6
100.00,70
0.00,4
0.00,2
100.00,2
57.14,14
82.35,102
25.00,8
50.00,24
33.33,6
0.00,4
0.00,10
30.61,392
0.00,20
0.00,8
13.89,72
0.00,4
70.00,20
87.01,662
50.00,8
100.00,2
96.30,54
80.00,10
100.00,2
100.00,14
86.14,202
0.00,4
0.00,4
92.31,26
0.00,4
94.44,36
50.00,4
85.11,685
0.00,78
0.00,12
83.33,48
0.00,4
0.00,42
100.00,2
73.33,90
100.00,8
46.15,26
88.24,34
100.00,4
100.00,14
92.43,634
0.00,6
12.09,182
0.00,20
0.00,8
36.17,94
33.33,6
94.74,38
0.00,4
100.00,2
84.21,38
100.00,2
71.43,14
100.00,2
0.00,14
94.34,212
0.00,4
0.00,6
0.00,2
73.68,38
0.00,4
100.00,2
64.29,56
75.00,8
71.43,14
89.76,1231
0.00,14
100.00,8
3.03,66
0.00,8
88.46,104
0.00,4
100.00,2
83.02,106
25.00,8
75.00,24
0.00,2
100.00,2
60.08,1032
28.57,14
29.38,388
0.00,20
33.33,18
25.00,56
75.00,8
56.00,50
0.00,8
76.67,60
0.00,4
100.00,2
61.40,114
25.00,8
100.00,4
77.78,18
0.00,2
100.00,14
0.00,2
98.05,308
0.00,2
0.00,2
77.78,18
0.00,4
72.73,22
100.00,10
100.00,2
0.00,44
100.00,22
65.85,492
0.00,42
100.00,4
91.67,24
100.00,4
50.00,4
100.00,8
100.00,2
100.00,14
73.49,166
0.00,42
50.00,4
0.00,4
4.76,42
100.00,2
66.10,118
0.00,40
0.00,6
4.76,42
100.00,2
93.71,859
0.00,8
49.12,342
0.00,20
33.33,12
52.87,174
0.00,2
0.00,10
95.00,40
0.00,4
0.00,2
9.52,42
100.00,2
74.29,70
66.67,6
100.00,2
76.92,26
0.00,4
100.00,2
100.00,44
87.23,658
52.94,34
100.00,4
0.00,84
100.00,14
0.00,4
100.00,2
9.52,42
100.00,2
100.00,4
100.00,2
100.00,14
0.00,2
83.27,2624
100.00,2
0.00,12
64.18,564
0.00,20
60.00,20
59.06,298
0.00,38
100.00,4
0.00,8
85.71,28
0.00,12
0.00,42
100.00,2
100.00,20
0.00,4
100.00,8
32.26,62
25.00,8
47.62,42
100.00,2
80.95,42
71.43,14
0.00,80
0.00,10
0.00,6
73.89,406
17.39,46
100.00,2
30.00,20
97.56,82
66.67,6
100.00,8
0.00,4
100.00,2
81.82,22
50.00,4
100.00,2
100.00,14
33.33,12
24.56,342
0.00,20
33.33,12
41.18,136
14.67,150
37.50,16
0.00,6
0.00,2
56.52,46
94.07,1687
100.00,2
100.00,2
0.00,42
55.00,40
100.00,2
50.00,4
0.00,518
0.00,90
0.00,2
0.00,8
0.00,4
0.00,2
0.00,4
0.00,44
0.00,6
0.00,2
0.00,2
0.00,2
91.41,163
0.00,40
0.00,2
100.00,10
0.00,4
100.00,2
9.52,42
100.00,6
0.00,6
100.00,2
88.95,380
0.00,66
0.00,8
83.33,60
0.00,4
4.76,42
87.50,48
100.00,2
50.00,4
100.00,2
66.64,1430
0.00,28
0.00,54
0.00,22
0.00,8
79.41,68
0.00,4
100.00,8
0.00,2
59.02,122
66.67,6
25.00,8
55.56,18
0.00,6
0.00,2
0.00,6
25.00,8
77.85,298
43.75,32
6.25,32
100.00,4
0.00,4
0.00,4
94.74,38
0.00,6
55.56,18
100.00,8
0.00,30
100.00,2
63.64,44
0.00,8
69.80,404
42.31,104
60.00,10
100.00,4
80.00,30
86.36,132
0.00,6
0.00,2
78.57,28
0.00,4
94.29,70
100.00,8
50.00,4
100.00,2
100.00,14
85.87,1033
0.00,8
20.37,324
0.00,20
0.00,8
40.00,20
0.00,82
0.00,2
0.00,2
100.00,42
0.00,4
100.00,34
0.00,2
100.00,16
66.67,6
88.89,18
100.00,2
0.00,2
87.18,156
0.00,6
0.00,14
81.82,22
0.00,4
93.94,66
100.00,8
57.14,14
100.00,2
88.21,1705
0.00,22
0.00,8
44.16,308
0.00,20
0.00,8
26.05,238
30.00,20
42.86,14
16.67,12
89.36,94
0.00,4
100.00,26
100.00,2
100.00,12
91.18,68
66.67,6
100.00,2
0.00,4
80.00,10
100.00,2
100.00,42
0.00,2
0.00,2
2.78,72
0.00,8
82.35,34
82.72,486
92.59,54
100.00,8
6.67,30
0.00,2
100.00,2
82.56,2466
0.00,14
0.00,10
50.96,416
0.00,20
25.64,78
50.00,16
42.98,242
0.00,10
71.43,42
0.00,4
100.00,2
100.00,8
77.97,118
0.00,6
25.00,8
20.00,20
33.33,6
100.00,8
0.00,2
0.00,6
0.00,14
0.00,12
68.13,546
0.00,20
3.57,56
0.00,8
92.31,26
56.25,192
0.00,14
0.00,12
93.55,62
94.25,2122
0.00,8
90.91,22
96.88,64
100.00,14
100.00,2
0.00,2
0.00,4
0.00,4
37.14,140
0.00,2
31.03,58
0.00,10
0.00,6
100.00,2
81.82,22
86.20,384
0.00,2
100.00,6
100.00,2
97.83,184
0.00,10
0.00,2
100.00,34
0.00,4
100.00,8
90.20,102
100.00,6
50.00,4
100.00,2
100.00,14
75.12,1226
0.00,22
0.00,6
23.20,250
0.00,20
42.86,14
38.71,62
0.00,4
91.30,46
0.00,4
88.89,18
100.00,2
66.67,18
64.29,28
0.00,2
100.00,4
69.98,2685
0.00,14
0.00,14
59.11,582
0.00,20
63.64,22
74.16,178
0.00,14
56.00,50
0.00,6
0.00,66
82.14,56
0.00,6
100.00,4
66.67,18
100.00,12
100.00,20
100.00,14
0.00,2
0.00,6
28.23,248
0.00,20
0.00,8
55.32,94
0.00,6
73.68,38
90.73,496
100.00,4
100.00,32
81.58,76
0.00,2
100.00,4
50.00,4
100.00,6
100.00,14
0.00,6
0.00,4
100.00,26
80.36,224
100.00,2
96.55,58
71.43,14
100.00,14
90.45,314
0.00,6
33.60,250
0.00,20
0.00,8
45.83,48
100.00,2
100.00,12
0.00,4
100.00,2
69.23,26
50.00,4
100.00,2
0.00,6
0.00,232
0.00,20
0.00,8
12.12,66
0.00,4
0.00,2
62.50,32
85.50,524
30.00,20
54.17,48
66.67,18
100.00,2
0.00,8
43.86,342
0.00,20
0.00,8
34.21,76
0.00,2
100.00,16
91.05,648
4.76,42
100.00,6
50.00,4
100.00,4
100.00,14
98.44,128
0.00,6
24.80,250
0.00,20
42.86,14
0.00,32
100.00,4
0.00,4
100.00,2
100.00,6
100.00,2
8.52,915
0.00,10
5.03,398
0.00,20
0.00,8
0.00,120
0.00,4
9.09,22
0.00,10
0.00,6
59.09,44
0.00,4
57.14,28
100.00,4
0.00,6
0.00,2
0.00,2
64.73,567
5.88,34
0.00,4
63.16,38
0.00,4
0.00,44
76.92,26
100.00,4
100.00,2
0.00,6
0.00,250
0.00,20
0.00,14
0.00,58
0.00,113
0.00,38
0.00,4
0.00,267
0.00,12
0.00,8
0.00,2
0.00,2
0.00,8
0.00,275
0.00,2
0.00,4
0.00,2
81.55,336
17.86,56
0.00,56
100.00,10
0.00,4
100.00,2
100.00,4
50.00,4
96.71,425
0.00,2
0.00,8
100.00,50
0.00,4
100.00,2
66.67,6
100.00,2
85.71,28
63.64,22
100.00,2
0.00,6
19.71,274
0.00,20
0.00,8
23.08,52
19.44,216
100.00,4
0.00,8
68.75,64
81.69,2130
80.00,30
100.00,4
100.00,2
100.00,4
100.00,8
0.00,6
84.62,26
66.67,6
100.00,8
57.14,14
83.25,1051
0.00,26
0.00,4
0.00,2
71.43,42
0.00,4
0.00,2
100.00,2
66.67,6
50.00,4
14.29,56
25.26,190
0.00,2
0.00,14
70.27,74
83.93,2807
0.00,4
78.57,28
100.00,10
100.00,2
80.00,10
0.00,2
60.66,122
25.00,8
100.00,4
33.33,24
83.33,12
0.00,14
7.41,54
0.00,6
87.41,556
100.00,2
100.00,10
100.00,2
77.42,62
0.00,6
75.00,8
100.00,4
41.67,24
80.00,10
100.00,2
100.00,2
80.00,10
52.49,362
0.00,10
0.00,428
0.00,20
0.00,12
0.00,46
0.00,2
0.00,10
0.00,10
75.00,24
0.00,6
4.76,42
100.00,2
0.00,24
70.97,62
25.00,8
100.00,4
0.00,10
18.83,446
0.00,20
25.00,16
0.00,24
0.00,6
0.00,60
0.00,2
0.00,2
57.14,42
80.43,1594
100.00,4
80.00,10
100.00,2
0.00,2
100.00,20
66.67,6
100.00,6
0.00,6
32.89,304
0.00,14
70.59,34
89.58,1420
77.78,36
0.00,2
89.47,76
0.00,6
100.00,4
100.00,6
100.00,2
33.66,202
0.00,22
28.57,14
83.33,72
73.77,4151
100.00,24
100.00,2
100.00,8
100.00,4
66.67,12
0.00,2
67.39,92
100.00,6
80.00,20
0.00,6
16.67,12
90.29,6367
0.00,14
0.00,6
0.00,180
0.00,20
0.00,8
35.79,380
20.00,20
32.54,252
0.00,12
83.87,62
0.00,4
0.00,2
100.00,2
0.00,42
100.00,2
70.00,20
0.00,2
92.73,110
25.00,8
75.00,24
100.00,2
100.00,14
0.00,2
50.00,4
1.57,254
0.00,34
0.00,48
0.00,4
0.00,2
0.00,14
0.00,36
0.00,6
0.30,661
0.00,10
0.00,310
0.00,20
0.00,8
20.00,30
0.00,10
0.00,38
0.00,6
0.00,54
0.00,46
0.00,4
0.00,8
0.00,8
0.00,2
0.00,14
0.00,6
0.00,6
0.00,8
0.00,6
0.00,250
0.00,20
0.00,8
0.00,2
0.00,22
12.40,242
0.00,10
0.00,14
0.00,8
0.00,342
0.00,20
0.00,12
0.00,30
0.00,8
0.00,2
0.00,22
2.70,518
0.00,4
0.00,6
0.00,10
0.00,22
0.00,6
0.00,6
0.00,2
0.00,14
0.00,6
0.00,6
0.00,2
55.00,40
15.97,864
0.00,20
0.00,8
0.00,42
100.00,4
19.30,114
0.00,8
0.00,2
0.00,22
0.00,146
67.69,3055
0.00,2
0.00,52
80.00,10
0.00,4
0.00,6
33.33,6
25.00,8
1.60,250
0.00,20
0.00,8
0.00,4
0.00,8
0.00,2
75.57,352
0.00,90
100.00,4
100.00,2
0.15,4046
0.00,22
0.00,110
0.00,8
15.73,534
0.00,20
11.11,18
0.00,52
0.00,2
0.00,44
0.00,4
0.00,10
0.00,4
0.00,28
0.00,12
0.00,12
0.00,2
0.00,2
60.00,20
13.79,58
0.00,16
0.00,10
22.75,378
0.00,180
0.00,8
0.00,282
0.00,20
0.00,8
0.00,74
0.00,6
0.00,20
0.00,4
0.00,2
0.00,70
0.00,6
0.00,8
1.85,216
0.00,2
0.00,4
0.00,10
10.26,78
93.91,722
100.00,14
0.00,18
35.71,28
0.00,4
